10
1607 1627 10
14972 15012 5
25456 25466 5
11911 11931 5
19008 19018 5
17322 17372 5
5024 5034 10
21628 21638 20
8608 8628 5
25735 25745 5
0 1610 3560 3160 4740 2340 3240 4720 4520 2140 3330
1610 0 2090 2160 3290 780 1820 3410 3000 730 2410
3560 2090 0 1260 3050 1310 2340 3550 2630 1430 1460
3160 2160 1260 0 4210 1640 3220 4640 3810 1460 270
4740 3290 3050 4210 0 2960 1500 680 420 3300 4460
2340 780 1310 1640 2960 0 1680 3230 2610 340 1910
3240 1820 2340 3220 1500 1680 0 1590 1310 2000 3490
4720 3410 3550 4640 680 3230 1590 0 1040 3560 4900
4520 3000 2630 3810 420 2610 1310 1040 0 2950 4050
2140 730 1430 1460 3300 340 2000 3560 2950 0 1720
3330 2410 1460 270 4460 1910 3490 4900 4050 1720 0
