20
2786 2826 15
3962 3972 20
965 985 15
5202 5232 10
3328 3348 15
2435 2455 5
1905 1945 15
1597 1607 10
367 397 5
4929 4939 5
4270 4320 20
2076 2096 10
5074 5104 20
2522 2542 15
4066 4116 20
520 550 15
4415 4435 15
1421 1431 5
3754 3784 15
3145 3155 5
0 280 460 460 460 500 530 460 310 370 460 310 300 380 470 470 490 400 340 310 530
280 0 510 430 190 240 330 450 160 90 180 390 330 140 250 480 230 410 60 320 340
460 510 0 150 570 570 440 120 370 550 620 150 180 470 450 80 560 110 540 190 440
460 430 150 0 440 430 290 30 270 440 500 190 160 350 310 70 430 70 440 150 290
460 190 570 440 0 50 210 470 210 100 70 490 420 100 140 510 40 460 130 400 220
500 240 570 430 50 0 170 460 230 150 110 500 430 130 120 510 10 460 180 410 180
530 330 440 290 210 170 0 330 220 270 280 420 350 180 70 370 170 340 290 330 10
460 450 120 30 470 460 330 0 290 470 520 170 150 380 340 40 460 50 460 150 320
310 160 370 270 210 230 220 290 0 170 250 270 200 100 160 330 220 260 170 190 220
370 90 550 440 100 150 270 470 170 0 90 440 380 100 200 500 140 440 30 360 280
460 180 620 500 70 110 280 520 250 90 0 520 450 140 210 560 110 500 120 440 290
310 390 150 190 490 500 420 170 270 440 520 0 70 380 390 170 490 120 430 90 420
300 330 180 160 420 430 350 150 200 380 450 70 0 310 320 170 420 100 360 20 350
380 140 470 350 100 130 180 380 100 100 140 380 310 0 110 420 120 360 110 290 190
470 250 450 310 140 120 70 340 160 200 210 390 320 110 0 380 120 340 220 300 80
470 480 80 70 510 510 370 40 330 500 560 170 170 420 380 0 500 70 500 170 370
490 230 560 430 40 10 170 460 220 140 110 490 420 120 120 500 0 450 170 400 180
400 410 110 70 460 460 340 50 260 440 500 120 100 360 340 70 450 0 430 100 330
340 60 540 440 130 180 290 460 170 30 120 430 360 110 220 500 170 430 0 350 300
310 320 190 150 400 410 330 150 190 360 440 90 20 290 300 170 400 100 350 0 330
530 340 440 290 220 180 10 320 220 280 290 420 350 190 80 370 180 330 300 330 0
