20
2418 2458 15
5456 5466 5
7532 7562 10
2724 2744 15
1637 1667 5
5114 5164 5
3772 3782 20
9224 9274 20
4258 4268 5
6408 6458 5
12563 12593 15
11258 11298 10
11799 11819 10
8484 8524 5
9770 9810 20
10793 10803 15
3038 3058 5
946 966 5
13128 13178 15
8676 8686 10
0 1200 190 20 1010 490 450 400 560 860 1140 1110 870 380 970 960 420 1050 950 990 780
1200 0 1000 1170 290 780 860 860 650 750 160 150 910 860 640 740 950 170 400 710 690
190 1000 0 160 810 320 330 240 370 700 950 910 770 240 820 800 330 860 770 850 630
20 1170 160 0 980 460 430 380 540 840 1110 1080 850 360 940 940 400 1020 920 970 750
1010 290 810 980 0 540 770 620 440 460 150 330 960 730 740 450 860 290 480 810 700
490 780 320 460 540 0 480 80 160 390 690 730 880 390 820 490 530 670 680 870 670
450 860 330 430 770 480 0 450 400 850 860 740 440 90 510 930 90 690 530 530 320
400 860 240 380 620 80 450 0 210 460 770 800 870 350 840 560 490 730 720 890 670
560 650 370 540 440 160 400 210 0 450 570 580 760 330 670 520 480 520 520 730 530
860 750 700 840 460 390 850 460 450 0 600 780 1200 770 1060 100 920 720 850 1130 950
1140 160 950 1110 150 690 860 770 570 600 0 260 990 840 730 580 950 240 480 800 740
1110 150 910 1080 330 730 740 800 580 780 260 0 760 750 490 780 830 60 250 550 540
870 910 770 850 960 880 440 870 760 1200 990 760 0 530 290 1260 450 750 510 240 250
380 860 240 360 730 390 90 350 330 770 840 750 530 0 580 860 140 700 570 610 390
970 640 820 940 740 820 510 840 670 1060 730 490 290 580 0 1110 570 490 250 70 190
960 740 800 940 450 490 930 560 520 100 580 780 1260 860 1110 0 1000 730 880 1180 1010
420 950 330 400 860 530 90 490 480 920 950 830 450 140 570 1000 0 780 620 580 380
1050 170 860 1020 290 670 690 730 520 720 240 60 750 700 490 730 780 0 240 560 520
950 400 770 920 480 680 530 720 520 850 480 250 510 570 250 880 620 240 0 320 290
990 710 850 970 810 870 530 890 730 1130 800 550 240 610 70 1180 580 560 320 0 220
780 690 630 750 700 670 320 670 530 950 740 540 250 390 190 1010 380 520 290 220 0
