20
22689 22739 15
27324 27334 20
4192 4212 5
2573 2603 15
8113 8163 20
13997 14047 5
31717 31747 10
18310 18340 5
23849 23879 5
46958 46988 5
34949 34969 15
16172 16222 5
44731 44771 10
10599 10619 15
48876 48926 5
42931 42971 20
11448 11458 20
48148 48168 15
38923 38953 5
51709 51749 15
0 1280 4370 3560 2570 5320 5690 4970 5510 2290 4600 6700 3880 4400 3320 3360 5150 3640 3690 3360 5490 
1280 0 3390 2520 1300 4120 4420 3800 4370 1140 3390 5430 2610 3150 2040 2160 4110 2390 2410 2200 4220 
4370 3390 0 4240 2900 1650 3780 4370 1410 3470 3870 3510 1980 1710 2570 3440 820 1750 2860 3630 2460 
3560 2520 4240 0 1600 3920 2730 1530 4450 1400 1370 4330 2360 2900 1670 800 4600 2500 1460 610 3450 
2570 1300 2900 1600 0 3140 3120 2590 3520 590 2140 4210 1480 2080 770 970 3440 1390 1110 1080 3050 
5320 4120 1650 3920 3140 0 2450 3470 610 3710 3050 1860 1680 1060 2460 3190 1190 1760 2480 3380 930 
5690 4420 3780 2730 3120 2450 0 1450 3060 3460 1370 1770 2170 2100 2400 2420 3610 2520 2000 2510 1540 
4970 3800 4370 1530 2590 3470 1450 0 4080 2680 510 3220 2410 2700 2140 1630 4450 2710 1690 1610 2710 
5510 4370 1410 4450 3520 610 3060 4080 0 4100 3650 2260 2130 1550 2910 3690 720 2130 2990 3890 1520 
2290 1140 3470 1400 590 3710 3460 2680 4100 0 2310 4700 2040 2650 1290 1070 4030 1970 1510 1070 3570 
4600 3390 3870 1370 2140 3050 1370 510 3650 2310 0 3040 1900 2220 1640 1230 3990 2200 1180 1260 2360 
6700 5430 3510 4330 4210 1860 1770 3220 2260 4700 3040 0 2820 2360 3430 3820 2970 3090 3190 3960 1230 
3880 2610 1980 2360 1480 1680 2170 2410 2130 2040 1900 2820 0 610 780 1570 2240 350 900 1770 1610 
4400 3150 1710 2900 2080 1060 2100 2700 1550 2650 2220 2360 610 0 1390 2140 1770 760 1440 2330 1120 
3320 2040 2570 1670 770 2460 2400 2140 2910 1290 1640 3430 780 1390 0 860 2960 830 460 1060 2280 
3360 2160 3440 800 970 3190 2420 1630 3690 1070 1230 3820 1570 2140 860 0 3810 1700 710 190 2820 
5150 4110 820 4600 3440 1190 3610 4450 720 4030 3990 2970 2240 1770 2960 3810 0 2120 3150 4000 2120 
3640 2390 1750 2500 1390 1760 2520 2710 2130 1970 2200 3090 350 760 830 1700 2120 0 1110 1890 1860 
3690 2410 2860 1460 1110 2480 2000 1690 2990 1510 1180 3190 900 1440 460 710 3150 1110 0 900 2130 
3360 2200 3630 610 1080 3380 2510 1610 3890 1070 1260 3960 1770 2330 1060 190 4000 1890 900 0 2990 
5490 4220 2460 3450 3050 930 1540 2710 1520 3570 2360 1230 1610 1120 2280 2820 2120 1860 2130 2990 0 
