250
98623 98673 15
92758 92798 15
2143 2183 5
190292 190342 10
74289 74339 20
41807 41847 15
194734 194764 20
8319 8339 5
69100 69150 15
143060 143090 5
226755 226765 15
25422 25462 15
200799 200819 5
82956 82986 20
27711 27721 20
22809 22849 5
192000 192040 15
199953 199993 5
87841 87871 10
117724 117734 5
223614 223624 5
162776 162816 5
33707 33727 20
2658 2668 20
46804 46844 5
14268 14318 15
235366 235416 15
4915 4925 5
31351 31361 15
133415 133425 15
165027 165077 15
267360 267400 5
36521 36561 5
37375 37385 15
71312 71352 15
39615 39625 20
260631 260641 5
189102 189122 10
108767 108787 20
94572 94592 15
44950 44980 10
208994 209014 10
64495 64515 5
154433 154463 10
222455 222465 10
52043 52093 5
263746 263766 10
225333 225353 20
25816 25856 5
49585 49635 15
219991 220001 20
115855 115885 5
59025 59045 15
232964 233004 15
121928 121958 20
6403 6413 20
129211 129221 5
143969 143979 10
125831 125871 20
112968 112988 20
149293 149343 20
139113 139133 10
68246 68276 20
122215 122225 20
124270 124320 20
70862 70872 10
234515 234565 15
259349 259379 20
73335 73355 15
198794 198834 10
173070 173090 10
48178 48208 20
106087 106137 20
134882 134932 15
249138 249148 5
216490 216510 5
79909 79929 15
15967 16007 10
248174 248214 20
1950 2000 15
63369 63409 20
264855 264895 15
239372 239382 15
254199 254229 15
89391 89441 10
210828 210868 10
38433 38483 10
93266 93286 10
4001 4041 15
100672 100722 5
299 329 5
126826 126866 10
97916 97956 15
99810 99850 5
23278 23308 5
95938 95958 10
202501 202521 10
265978 265988 15
80175 80195 10
30442 30452 5
227432 227482 20
108288 108298 15
79522 79532 20
230314 230364 15
150589 150609 5
111071 111121 5
84826 84836 15
182186 182206 15
251302 251312 10
188487 188497 10
204873 204913 5
43811 43861 10
29301 29311 5
262172 262192 15
65473 65503 20
42657 42667 10
123360 123370 20
144759 144779 5
76765 76795 15
140877 140927 10
255632 255642 5
128012 128032 20
236688 236708 15
125218 125268 15
132013 132043 20
119505 119525 15
151972 151992 5
110126 110146 5
24166 24186 5
193253 193303 10
224411 224451 5
136591 136611 5
137881 137931 20
67681 67701 5
140434 140464 15
153188 153218 5
209795 209825 5
133060 133080 10
191733 191753 15
206359 206379 10
91410 91440 15
61526 61576 20
67041 67071 15
207586 207596 15
54116 54126 10
203903 203943 10
165891 165931 20
255735 255775 10
215382 215392 10
172183 172213 15
97255 97305 15
237824 237864 15
158355 158375 10
183637 183657 10
130734 130774 5
185771 185821 5
11086 11106 20
78043 78093 5
18341 18381 5
87119 87159 5
120723 120773 10
187843 187873 10
21082 21102 5
169759 169789 10
146437 146467 10
32664 32714 15
75359 75369 10
104532 104562 10
174812 174862 20
266936 266986 20
196062 196092 15
96660 96690 15
78839 78869 15
167014 167064 10
148363 148403 5
197092 197132 5
257530 257550 15
159373 159423 5
102283 102333 10
178465 178475 5
112059 112109 15
170958 170968 20
51037 51067 15
104966 104986 20
132376 132386 5
191063 191093 15
19393 19413 20
115404 115424 5
152684 152714 20
55915 55925 20
177146 177196 5
181778 181808 5
60249 60289 5
26622 26672 5
58616 58636 10
23460 23470 10
151219 151259 15
160793 160843 15
205561 205581 15
184380 184420 15
241392 241422 15
57050 57070 10
107499 107539 5
17872 17922 5
72812 72842 15
212682 212712 5
103493 103513 5
176363 176393 5
181583 181613 5
59514 59544 10
187104 187144 5
262909 262939 15
168340 168370 10
81160 81170 15
53444 53484 10
157706 157746 10
208273 208313 10
164238 164248 5
161722 161742 10
16737 16787 5
231250 231260 5
135193 135203 10
40568 40588 5
173854 173874 5
55168 55178 10
141821 141841 15
242888 242898 15
240450 240480 5
149979 149999 5
159983 159993 5
244206 244226 15
9379 9409 15
77707 77717 10
156060 156090 15
250335 250345 20
218127 218137 20
86344 86384 15
252710 252720 20
179642 179692 5
13076 13106 20
70216 70226 10
221378 221428 5
230898 230908 10
177361 177391 15
114426 114456 20
134180 134230 20
228426 228436 20
35217 35237 5
246246 246286 20
52971 52981 10
0 1290 1850 1960 1240 2050 1220 1960 350 1420 440 1970 2020 1470 1780 2070 1720 1090 1790 1900 330 450 2370 1330 1470 2030 1300 1730 1350 1860 1500 1050 1980 1730 1180 1590 1650 1690 890 1070 1240 1840 990 1760 2120 1290 1510 2080 1310 1830 1990 1320 2170 2060 2400 1650 2090 800 1180 1740 2050 1110 1920 1770 1720 1020 1180 1890 450 2350 2790 1180 1640 2060 2010 1550 2310 2080 1790 2460 1790 900 1760 950 710 2410 550 2150 1370 1060 1840 300 1730 1130 1710 1350 980 1200 1990 1970 1610 1310 1430 1880 570 1690 1900 1430 1880 1640 930 1320 1200 510 2060 1700 1980 1900 1180 1500 1140 1320 1200 1060 1140 850 1980 1370 2020 880 2020 1030 1710 2070 1320 1540 1390 1330 1620 1110 1220 530 2570 860 1600 1060 2240 1330 1220 1970 1640 1120 2130 1300 2170 2100 2090 2510 2260 1270 2130 870 1560 1810 1620 2310 670 2220 1730 1660 1900 2030 1660 1520 2150 640 1090 2230 1490 230 2700 1240 440 1220 1340 990 1370 220 1760 1480 1450 1850 1490 1300 1120 1830 1450 1910 1770 1970 2000 380 1530 2090 1710 2470 1980 1420 2330 1390 1640 2090 1360 1430 1430 1600 1930 960 1750 1360 1130 750 2170 2160 1400 1820 1210 1820 1210 1340 980 2560 1400 1940 710 1830 1770 1430 1390 2020 680 550 990 1030 1680 2730 1610 2280 1780 570 1150 
1290 0 1540 1720 150 1630 70 1580 1120 130 1170 770 730 1520 530 850 440 870 1130 670 960 1150 1200 360 1480 740 310 1170 1020 580 320 850 700 450 500 1300 370 630 1120 1020 170 1520 350 770 1010 10 220 1250 1270 570 700 370 1040 800 1420 530 790 530 480 650 1670 790 1780 840 460 740 970 1860 840 1380 1690 1160 1060 820 1200 570 1060 1300 1370 1450 1650 420 470 960 640 1430 730 1360 1160 240 680 990 570 690 1170 170 1280 260 1200 1080 920 360 1450 1350 1030 780 1240 1400 1650 450 520 270 410 800 1100 1440 780 990 360 1470 630 1420 1170 260 340 470 1490 1400 810 530 780 390 1700 1130 310 570 1230 1020 330 1120 250 1180 1440 460 1480 1210 1140 50 1340 840 730 1310 860 140 1030 1020 800 1340 1420 410 870 670 570 1640 390 1310 820 1180 530 490 640 860 1480 680 1150 710 630 1000 1160 1060 1630 1420 880 920 420 350 630 1070 780 850 260 640 1430 600 230 540 160 1360 1510 680 1270 960 1270 1590 760 1300 1910 610 1340 1500 350 1300 470 1430 1340 1140 650 1020 1480 600 1320 570 1200 1180 530 990 390 1480 220 180 1220 1490 1300 1140 1100 750 1480 150 1440 730 990 970 1070 550 540 1630 530 1060 1130 960 850 
1850 1540 0 190 1670 210 1540 120 1500 1590 1420 1360 1890 500 1880 1460 1570 830 520 2030 1680 1400 1440 1890 460 1850 1840 400 560 1540 1830 870 1890 1760 1060 270 1520 2140 960 780 1690 10 1350 990 1210 1540 1520 740 550 1510 1860 1900 1280 1560 1100 2040 1820 1720 1070 2150 200 860 290 900 1840 950 710 440 1660 1050 1530 670 490 1500 700 1050 1640 660 170 1180 230 1650 1610 910 1760 1100 1600 710 490 1440 1260 1660 1270 910 400 1710 910 1760 660 820 650 1170 480 300 1270 890 470 460 130 1320 1210 1260 1140 1500 940 140 2150 850 1850 410 960 600 650 1630 1810 1400 230 530 1400 1260 1490 1260 410 910 1220 1040 450 570 1570 740 1290 1330 1460 1670 290 800 1230 1500 670 2280 910 770 1630 1390 1290 1160 1860 1520 820 1120 1590 1140 1060 200 1390 1070 1250 1120 1980 1960 1510 1320 210 900 1030 1780 990 1540 400 1680 1430 700 1530 700 1950 1690 910 1680 980 680 1350 1380 400 930 1680 1740 1590 320 90 1650 580 1520 330 310 940 1510 430 940 1070 580 1580 680 1070 470 430 390 1640 890 90 930 770 1410 990 980 1010 740 1880 50 1720 1370 890 1340 450 680 1140 2240 80 1610 530 1740 1170 1310 860 1100 1230 1510 1150 1540 490 1290 790 
1960 1720 190 0 1850 260 1730 210 1610 1780 1520 1550 2080 530 2080 1640 1760 980 700 2220 1820 1510 1610 2080 510 2040 2030 590 730 1730 2020 1020 2080 1950 1240 430 1710 2330 1070 920 1870 200 1520 1180 1380 1730 1710 890 650 1700 2050 2090 1450 1740 1230 2230 2010 1890 1250 2340 210 1020 140 1090 2030 1110 860 310 1800 1180 1650 790 680 1690 860 1240 1820 810 360 1310 180 1820 1800 1050 1920 1230 1750 840 630 1620 1450 1800 1460 1090 590 1900 1000 1940 820 990 840 1360 540 470 1390 1080 640 530 80 1520 1380 1450 1320 1640 1110 290 2340 1030 2030 460 1140 660 770 1810 1990 1560 360 590 1580 1420 1680 1430 350 1070 1410 1230 590 740 1760 860 1470 1430 1600 1840 350 900 1390 1690 750 2470 1100 850 1810 1580 1470 1330 2050 1670 950 1310 1770 1300 1250 150 1580 1210 1390 1280 2170 2150 1690 1500 300 1090 1190 1930 1160 1720 570 1810 1560 760 1670 860 2130 1870 1090 1800 1170 870 1540 1570 470 1120 1860 1930 1780 480 210 1840 740 1650 480 390 1130 1660 270 1130 1210 620 1770 820 1250 530 530 580 1830 1020 240 1120 840 1570 1140 1140 1200 920 2070 240 1900 1550 980 1470 560 850 1250 2430 240 1800 590 1930 1290 1440 980 1270 1420 1640 1340 1710 680 1420 950 
1240 150 1670 1850 0 1770 120 1720 1120 210 1170 900 780 1620 540 970 530 960 1270 660 910 1150 1320 220 1590 790 170 1310 1140 690 270 940 740 490 610 1430 480 540 1180 1110 20 1650 400 920 1150 140 340 1400 1370 680 750 230 1180 910 1560 460 860 450 600 580 1810 890 1910 990 470 830 1070 1980 790 1520 1830 1260 1200 940 1350 720 1160 1450 1510 1590 1770 340 550 1030 560 1570 690 1510 1280 270 810 950 710 800 1300 110 1340 110 1350 1230 1060 500 1550 1490 1050 930 1390 1500 1780 590 580 420 530 790 1240 1570 760 1140 210 1580 730 1510 1270 180 200 480 1630 1500 940 580 900 470 1810 1280 450 720 1340 1140 430 1210 380 1200 1570 380 1600 1290 1280 200 1430 790 880 1390 960 290 1160 1170 860 1470 1570 540 980 720 720 1770 530 1460 850 1320 500 440 750 990 1600 820 1300 630 730 1120 1280 1020 1770 1510 860 1030 280 250 760 1040 930 990 410 760 1540 730 120 600 240 1500 1640 770 1420 950 1390 1730 910 1430 2030 750 1490 1590 440 1450 610 1540 1450 1270 740 1100 1610 740 1400 570 1340 1330 670 1140 240 1610 70 330 1290 1630 1410 1290 1140 680 1610 210 1540 810 1030 980 1150 630 680 1760 680 1180 1280 980 960 
2050 1630 210 260 1770 0 1650 90 1700 1670 1620 1350 1910 710 1930 1440 1610 1000 530 2070 1860 1600 1370 1990 670 1860 1940 460 730 1560 1910 1040 1910 1800 1180 450 1560 2210 1160 970 1790 210 1480 1010 1160 1640 1590 660 760 1530 1880 2010 1230 1550 970 2110 1820 1870 1190 2220 50 1020 400 910 1890 1120 880 570 1830 930 1390 870 570 1490 640 1100 1600 570 280 1050 400 1790 1640 1100 1920 970 1770 590 680 1560 1270 1850 1290 1060 460 1800 1120 1870 600 770 720 1270 700 290 1470 920 440 670 270 1370 1360 1350 1250 1670 880 350 2190 830 1960 620 1100 820 850 1750 1930 1540 140 740 1380 1410 1480 1390 590 840 1320 1090 650 740 1620 940 1390 1540 1350 1820 500 1010 1160 1590 890 2330 950 990 1610 1480 1240 1110 1860 1430 690 1230 1570 1310 1110 370 1440 960 1430 1050 2040 2030 1520 1300 420 960 950 1940 1130 1500 570 1870 1300 920 1710 870 2050 1820 1000 1870 990 780 1420 1390 620 1040 1790 1780 1660 290 310 1660 510 1710 520 130 970 1420 530 1020 960 790 1630 580 1160 690 640 510 1650 1080 310 1030 980 1570 910 900 1100 740 2000 220 1830 1450 1100 1210 660 630 1340 2300 290 1690 750 1750 1360 1500 1050 1240 1260 1380 1190 1490 510 1480 960 
1220 70 1540 1730 120 1650 0 1590 1060 190 1110 840 800 1500 590 920 510 850 1150 720 890 1090 1260 340 1470 800 300 1190 1020 660 350 820 760 510 490 1300 440 650 1080 1000 140 1530 300 810 1070 60 300 1290 1250 640 770 360 1100 870 1470 560 860 460 480 680 1680 770 1780 880 520 720 950 1860 770 1430 1760 1140 1080 890 1240 610 1130 1340 1380 1500 1640 340 540 920 570 1480 660 1400 1150 180 740 920 630 670 1180 190 1240 220 1240 1120 940 380 1430 1360 970 820 1270 1380 1650 510 470 300 400 730 1140 1440 830 1030 320 1450 610 1390 1150 190 300 410 1510 1380 880 490 850 350 1690 1180 330 610 1220 1020 400 1100 250 1120 1500 390 1470 1180 1200 120 1320 880 770 1280 930 180 1090 1080 870 1410 1460 420 940 620 610 1640 460 1370 770 1230 570 530 710 920 1480 700 1210 640 610 1070 1150 990 1690 1390 810 910 400 280 640 1000 820 870 310 700 1420 610 170 610 230 1380 1510 760 1300 890 1270 1610 800 1370 1900 630 1390 1480 420 1340 490 1420 1330 1140 720 990 1480 620 1290 510 1250 1230 550 1030 350 1490 180 220 1190 1550 1290 1180 1050 780 1480 210 1420 800 940 910 1040 520 600 1690 580 1130 1160 900 840 
1960 1580 120 210 1720 90 1590 0 1610 1620 1530 1340 1890 620 1900 1440 1580 920 500 2040 1780 1510 1390 1940 580 1840 1890 410 650 1540 1860 960 1890 1770 1110 360 1530 2170 1070 880 1730 120 1410 990 1170 1590 1550 680 660 1510 1860 1950 1240 1540 1020 2060 1810 1800 1130 2180 100 940 350 900 1860 1040 800 520 1750 970 1440 780 510 1480 650 1070 1610 590 200 1100 320 1720 1620 1010 1840 1020 1690 630 590 1500 1250 1760 1270 990 410 1750 1030 1810 610 780 670 1210 600 270 1380 890 430 580 200 1340 1290 1300 1190 1590 890 260 2160 820 1900 530 1030 720 760 1690 1870 1470 150 650 1370 1330 1470 1320 510 860 1270 1060 560 660 1590 850 1340 1440 1390 1740 410 920 1170 1540 790 2300 920 890 1610 1430 1250 1110 1850 1460 740 1170 1570 1230 1070 290 1400 1000 1340 1070 2000 1990 1500 1300 330 920 970 1860 1060 1510 490 1790 1350 820 1620 790 2000 1750 950 1780 970 720 1370 1370 520 980 1730 1750 1620 270 210 1640 520 1620 430 190 940 1450 480 970 990 700 1600 610 1100 590 550 440 1630 990 210 970 880 1490 930 920 1050 720 1940 130 1770 1400 1000 1260 560 630 1250 2260 190 1640 650 1740 1270 1410 960 1170 1230 1430 1160 1500 480 1390 880 
350 1120 1500 1610 1120 1700 1060 1610 0 1250 110 1720 1850 1130 1650 1830 1530 750 1460 1780 310 110 2090 1250 1130 1850 1220 1380 1000 1640 1390 710 1820 1580 900 1240 1450 1620 540 720 1120 1490 780 1470 1840 1120 1320 1750 960 1620 1830 1250 1900 1830 2090 1570 1900 740 910 1670 1700 780 1580 1470 1580 700 840 1550 390 2030 2490 820 1300 1830 1680 1280 2070 1740 1430 2150 1440 800 1560 600 680 2100 450 1820 1020 880 1580 260 1480 820 1370 1230 640 1100 1660 1650 1280 1060 1090 1530 220 1390 1560 1080 1530 1410 670 1080 930 330 1750 1350 1880 1590 1110 1160 840 980 840 940 1070 650 1630 1030 1770 620 1790 790 1370 1760 1080 1260 1040 990 1430 760 990 190 2280 770 1260 710 1950 1150 880 1890 1340 780 1910 1100 1890 1820 1910 2240 1940 1010 1900 570 1290 1460 1400 2000 360 1920 1620 1560 1670 1770 1310 1220 1850 630 780 1990 1140 230 2400 900 260 880 1280 900 1070 210 1470 1150 1230 1610 1140 1010 1010 1660 1280 1560 1410 1760 1660 170 1180 1740 1410 2200 1640 1130 2020 1050 1450 1760 1090 1090 1080 1250 1730 610 1400 1060 790 550 1860 1850 1110 1500 1150 1470 1100 1130 640 2260 1050 1610 360 1760 1420 1270 1050 1830 340 210 640 740 1430 2440 1340 2030 1440 240 810 
1420 130 1590 1780 210 1670 190 1620 1250 0 1300 690 600 1610 400 760 320 970 1150 540 1090 1280 1110 360 1570 610 320 1210 1100 480 240 950 560 320 580 1370 270 550 1230 1120 230 1570 480 750 950 130 130 1230 1360 470 570 380 970 700 1370 450 670 650 570 570 1710 880 1840 830 330 850 1060 1930 970 1330 1620 1260 1100 730 1190 570 950 1300 1420 1400 1710 530 350 1070 760 1380 860 1350 1240 370 610 1120 510 780 1200 160 1390 310 1200 1060 950 420 1530 1380 1160 780 1260 1480 1710 390 640 330 490 930 1070 1500 660 970 410 1550 720 1510 1270 370 410 600 1520 1490 730 660 680 510 1780 1110 360 580 1310 1100 210 1220 340 1310 1360 570 1550 1310 1080 110 1440 740 740 1420 750 210 960 970 670 1260 1400 480 770 790 570 1710 320 1270 950 1130 420 390 540 780 1550 700 1110 830 730 900 1220 1190 1560 1520 1010 1010 420 460 680 1200 760 900 250 550 1510 670 330 410 30 1390 1570 570 1270 1090 1340 1610 750 1210 1970 650 1300 1590 230 1290 520 1520 1420 1190 530 1130 1540 660 1420 700 1160 1150 570 990 430 1530 280 220 1330 1430 1390 1140 1220 660 1530 20 1530 600 1120 1100 1180 650 500 1550 510 960 1160 1090 950 
440 1170 1420 1520 1170 1620 1110 1530 110 1300 0 1720 1890 1030 1700 1840 1560 700 1410 1830 410 20 2090 1320 1030 1890 1290 1320 940 1660 1440 670 1860 1620 900 1160 1480 1690 450 650 1170 1410 820 1460 1830 1170 1350 1710 870 1640 1860 1320 1890 1850 2050 1630 1930 820 900 1730 1620 750 1480 1450 1630 670 770 1450 490 2000 2460 740 1250 1840 1640 1270 2070 1690 1360 2120 1350 870 1590 540 770 2060 530 1770 940 930 1580 370 1490 790 1310 1280 540 1170 1610 1620 1240 1060 990 1470 170 1360 1500 990 1440 1420 690 1100 940 400 1720 1270 1930 1560 1180 1060 820 880 760 1000 1140 700 1550 930 1770 650 1800 810 1270 1730 1090 1250 960 920 1470 680 1020 90 2260 850 1160 610 1930 1190 780 1960 1320 680 1920 1130 1890 1800 1950 2230 1890 1010 1910 570 1280 1370 1420 1960 360 1900 1670 1620 1690 1770 1230 1200 1820 720 770 1990 1070 340 2380 800 350 820 1350 970 1050 330 1450 1110 1250 1620 1050 990 1070 1690 1330 1490 1330 1790 1610 260 1100 1670 1390 2190 1540 1110 1980 950 1490 1710 1090 990 990 1190 1750 540 1320 1050 690 600 1830 1820 1100 1470 1220 1390 1160 1150 540 2240 970 1570 270 1830 1330 1320 950 1860 280 200 560 740 1430 2410 1340 2030 1390 220 760 
1970 770 1360 1550 900 1350 840 1340 1720 690 1720 0 580 1600 690 120 410 1130 840 800 1650 1700 420 1030 1550 520 1000 960 1090 270 840 1140 590 590 820 1240 430 1060 1470 1280 920 1350 970 370 290 780 560 740 1400 260 550 1050 290 190 730 960 470 1290 810 1040 1400 1050 1660 460 690 1090 1160 1790 1540 710 930 1360 900 140 730 460 350 830 1190 740 1560 1170 420 1290 1400 740 1430 850 1230 930 140 1670 230 970 970 840 1590 1010 760 580 750 660 1530 1070 1550 490 910 1470 1500 330 1040 650 780 1450 510 1340 900 520 1100 1510 910 1560 1360 1030 1100 1120 1210 1510 50 1090 130 940 1690 560 640 480 1290 1100 490 1360 740 1700 670 1220 1460 1480 410 720 1530 1070 500 1560 260 690 270 320 510 570 850 700 230 1150 450 1540 370 630 1360 480 840 870 200 100 1420 590 500 1460 960 260 1130 1730 870 1610 1530 1090 1080 1120 710 1740 390 800 530 130 1470 760 1010 500 660 1070 1390 320 850 1590 1250 1250 440 530 1800 640 660 1620 490 820 630 1510 1400 1030 320 1350 1350 700 1560 1210 560 560 620 620 1120 1310 970 650 1530 740 1370 720 1550 1090 1340 690 1550 400 1470 1510 1370 970 290 860 370 310 860 1500 1080 
2020 730 1890 2080 780 1910 800 1890 1850 600 1890 580 0 2040 260 540 360 1470 1380 270 1690 1870 860 770 2000 60 770 1490 1520 350 550 1460 40 280 1090 1730 430 600 1780 1630 780 1880 1070 900 850 730 540 1320 1820 380 30 790 830 420 1280 530 150 1230 1070 570 1960 1380 2180 990 320 1380 1530 2300 1570 1270 1370 1740 1410 480 1310 860 580 1410 1720 1270 2070 1120 320 1600 1340 1290 1460 1430 1670 970 640 1720 620 1280 1490 670 1920 840 1330 1160 1240 890 1970 1620 1750 1000 1470 1910 2030 590 1220 820 1010 1540 1090 1850 340 1090 900 1970 1220 1980 1750 960 920 1200 1760 1940 570 1250 470 1090 2170 1140 850 880 1730 1530 430 1720 890 1900 1110 1160 1940 1830 950 700 1920 520 980 1920 400 770 800 900 110 970 1430 960 440 1360 850 2050 540 1200 1540 1040 400 460 390 660 1910 1020 1080 1410 1250 600 1600 1790 1340 2010 1610 1470 800 1030 1090 1810 910 1260 670 520 1930 1110 900 200 570 1620 1910 260 1420 1700 1720 1820 950 930 2320 1020 1230 2050 410 1400 940 1950 1850 1520 260 1660 1870 1070 1930 1300 1140 1140 970 1170 900 1840 820 750 1860 1230 1820 1290 1800 580 1860 580 1980 180 1700 1690 1700 1200 670 1300 760 660 1400 1680 1430 
1470 1520 500 530 1620 710 1500 620 1130 1610 1030 1600 2040 0 1970 1710 1690 650 840 2120 1370 1020 1790 1840 50 2010 1790 700 520 1710 1840 690 2030 1850 1020 390 1620 2150 590 530 1640 500 1240 1220 1530 1520 1580 1140 240 1670 2010 1850 1600 1790 1520 2050 2000 1540 1030 2170 690 730 460 1150 1910 790 550 420 1370 1460 1960 370 720 1740 1080 1180 1930 1070 560 1600 340 1500 1730 640 1550 1520 1340 1140 370 1360 1470 1340 1440 820 690 1690 490 1690 1040 1160 850 1190 70 720 920 1100 860 130 460 1450 1070 1280 1110 1220 1290 380 2240 1160 1760 100 890 150 360 1530 1720 1230 720 120 1640 1090 1720 1160 240 1270 1240 1160 310 510 1650 430 1270 940 1850 1510 210 420 1580 1500 250 2340 1090 350 1860 1390 1610 1480 2040 1890 1260 1130 1830 950 1190 370 1500 1470 970 1490 2030 2000 1690 1590 290 1030 1390 1540 890 1820 460 1340 1870 230 1230 590 1890 1570 960 1330 1210 790 1400 1570 130 950 1590 1860 1620 750 400 1830 990 1190 360 810 1150 1870 510 1010 1480 80 1670 1090 1110 80 190 590 1810 590 410 980 340 1210 1370 1350 1070 1040 1800 510 1660 1380 490 1750 220 1030 770 2270 430 1630 80 1920 830 980 540 990 1380 1940 1290 1840 810 960 660 
1780 530 1880 2080 540 1930 590 1900 1650 400 1700 690 260 1970 0 700 320 1350 1400 150 1460 1680 1050 500 1930 300 510 1480 1450 420 290 1340 220 120 960 1690 360 370 1630 1510 540 1870 880 930 980 530 390 1400 1730 440 250 520 980 590 1430 280 390 980 950 350 1980 1260 2160 1020 70 1240 1430 2270 1330 1410 1570 1640 1390 650 1370 830 800 1480 1710 1430 2030 880 290 1460 1090 1440 1230 1510 1600 770 700 1490 640 1160 1480 430 1780 590 1390 1230 1230 780 1900 1640 1560 1010 1500 1840 2010 560 1040 690 870 1320 1190 1820 270 1140 640 1900 1100 1880 1650 720 670 1000 1780 1860 710 1060 620 910 2120 1230 720 840 1660 1450 310 1610 730 1710 1310 920 1890 1710 1100 510 1820 400 980 1810 600 600 960 1020 370 1180 1530 840 640 1190 820 2030 490 1330 1350 1180 150 200 490 790 1870 980 1200 1160 1120 800 1550 1560 1530 1900 1390 1370 530 790 1010 1580 950 1210 560 590 1860 1020 660 190 370 1640 1880 410 1480 1480 1670 1860 960 1130 2290 960 1360 1960 300 1470 850 1880 1780 1490 390 1530 1850 990 1810 1100 1250 1250 900 1200 630 1830 570 600 1730 1420 1740 1340 1630 400 1840 380 1900 380 1520 1500 1570 1050 670 1500 730 860 1420 1490 1320 
2070 850 1460 1640 970 1440 920 1440 1830 760 1840 120 540 1710 700 0 450 1250 940 780 1750 1810 360 1080 1660 480 1060 1070 1210 290 880 1260 560 600 930 1350 480 1070 1590 1400 990 1450 1070 490 310 860 630 810 1510 290 520 1100 290 120 740 970 410 1380 930 1050 1490 1170 1760 560 700 1210 1280 1900 1640 730 880 1480 1010 50 810 580 240 900 1290 730 1660 1260 440 1410 1490 750 1530 910 1350 1020 260 1770 340 1090 1070 900 1710 1070 840 660 860 770 1640 1170 1670 610 1000 1580 1600 430 1150 750 890 1560 580 1450 870 610 1160 1620 1030 1680 1480 1110 1170 1220 1300 1620 70 1200 80 1040 1790 620 750 600 1400 1220 550 1480 850 1810 620 1300 1570 1600 410 800 1650 1050 620 1680 170 780 260 360 450 500 890 820 130 1260 570 1640 450 660 1470 500 850 880 220 140 1530 710 550 1550 1080 150 1250 1830 840 1730 1630 1210 1130 1200 830 1850 500 920 630 220 1590 880 1080 510 720 1160 1490 290 930 1700 1360 1340 550 460 1900 760 680 1740 540 890 750 1620 1510 1140 310 1470 1460 820 1680 1320 610 600 740 720 1180 1410 1040 740 1650 720 1490 800 1670 1090 1440 750 1670 360 1590 1630 1490 1090 400 810 490 210 970 1610 1200 
1720 440 1570 1760 530 1610 510 1580 1530 320 1560 410 360 1690 320 450 0 1110 1080 460 1390 1540 810 630 1650 340 600 1170 1170 160 430 1100 340 190 720 1390 80 650 1420 1270 550 1560 740 610 700 440 210 1080 1460 150 320 650 700 380 1140 550 370 970 710 650 1660 1020 1850 700 290 1020 1170 1970 1270 1110 1330 1380 1080 410 1050 520 630 1150 1400 1150 1730 860 40 1240 1080 1150 1170 1190 1310 650 390 1420 320 920 1170 460 1560 630 1070 910 910 530 1620 1320 1400 690 1170 1560 1700 240 870 470 650 1220 870 1520 580 820 720 1620 850 1620 1390 690 720 880 1460 1580 440 910 370 740 1830 920 490 540 1380 1170 100 1360 540 1550 1070 900 1600 1470 820 390 1560 720 660 1560 430 430 680 730 390 950 1220 600 440 1010 510 1720 180 1040 1190 890 440 460 220 510 1580 680 890 1150 890 590 1260 1490 1280 1650 1300 1110 680 780 730 1500 620 910 320 290 1580 750 650 170 290 1320 1580 240 1150 1380 1380 1530 640 910 1990 670 1070 1690 90 1150 580 1600 1490 1190 210 1300 1540 710 1570 980 950 940 610 880 730 1520 600 400 1500 1150 1460 1020 1450 710 1530 310 1630 300 1350 1350 1340 850 350 1260 420 650 1100 1340 1070 
1090 870 830 980 960 1000 850 920 750 970 700 1130 1470 650 1350 1250 1110 0 710 1500 870 680 1440 1180 620 1450 1130 630 270 1160 1190 40 1450 1240 390 560 1030 1500 340 150 980 820 580 810 1180 880 960 1010 410 1130 1440 1190 1240 1300 1360 1410 1460 910 400 1530 1020 90 1000 780 1290 130 120 1040 830 1300 1780 290 550 1270 940 670 1490 990 720 1430 850 850 1150 170 940 1370 770 1070 350 700 990 860 930 180 620 1040 460 1030 910 920 540 570 590 800 520 700 810 540 900 900 410 650 470 670 1030 690 1620 870 1100 620 250 540 300 870 1060 590 900 530 1190 440 1240 500 860 1040 620 650 400 260 1050 250 620 640 1590 870 660 350 1270 860 470 1710 660 450 1380 750 1240 1140 1490 1580 1190 510 1360 310 680 860 930 1270 430 1220 1390 1360 1170 1160 690 560 1140 950 230 1400 430 890 1690 550 710 130 1230 910 420 880 800 420 800 1070 590 380 930 1280 980 820 760 1290 910 720 500 1020 740 1540 1100 490 1290 630 1070 1010 530 570 500 510 1270 210 740 430 450 580 1140 1130 520 770 1140 790 1000 750 400 1550 460 870 450 1620 750 990 580 1380 410 530 240 330 870 1730 770 1430 690 510 60 
1790 1130 520 700 1270 530 1150 500 1460 1150 1410 840 1380 840 1400 940 1080 710 0 1540 1550 1390 950 1490 790 1330 1440 140 480 1030 1390 740 1380 1270 730 450 1030 1690 990 770 1290 510 1040 480 700 1140 1060 320 710 1000 1350 1500 770 1040 700 1580 1300 1440 740 1690 580 680 810 390 1360 770 630 960 1480 640 1140 750 160 980 250 580 1120 290 340 780 720 1350 1110 860 1510 700 1400 360 550 1100 740 1540 760 680 150 1290 1040 1370 210 320 220 770 780 240 1230 390 120 730 650 830 960 850 790 1340 450 520 1660 330 1470 740 690 860 740 1280 1440 1130 380 790 870 1010 970 950 870 430 820 570 580 490 1090 790 900 1340 1010 1380 660 900 740 1080 870 1800 420 940 1110 980 780 650 1340 1050 480 740 1070 950 580 700 900 630 1120 650 1500 1500 990 800 600 440 550 1540 740 1020 400 1580 1040 940 1390 580 1550 1360 530 1580 460 320 900 860 710 580 1310 1240 1140 240 550 1130 200 1410 480 460 430 1030 960 520 640 890 1100 300 660 760 660 260 1120 880 520 550 930 1180 520 510 600 220 1510 460 1330 940 990 920 650 190 1150 1770 500 1170 820 1230 1120 1240 870 830 730 1110 660 1020 30 1220 640 
1900 670 2030 2220 660 2070 720 2040 1780 540 1830 800 270 2120 150 780 460 1500 1540 0 1570 1810 1130 580 2080 330 590 1630 1600 540 390 1490 240 270 1110 1840 510 340 1780 1660 660 2020 1020 1070 1090 660 540 1520 1880 560 280 600 1070 670 1530 290 420 1090 1100 290 2120 1410 2310 1160 210 1390 1580 2420 1450 1510 1640 1790 1540 730 1500 980 850 1610 1860 1520 2190 990 430 1610 1190 1540 1350 1640 1750 900 830 1610 780 1310 1630 550 1930 690 1520 1360 1370 930 2050 1780 1700 1150 1640 1990 2160 700 1190 840 1020 1450 1310 1970 120 1280 730 2050 1250 2040 1800 840 760 1130 1930 2010 810 1210 710 1060 2270 1350 880 990 1810 1600 470 1760 880 1840 1380 1030 2040 1860 1200 660 1970 260 1120 1960 670 750 1050 1130 390 1240 1650 990 710 1330 970 2180 640 1440 1490 1280 170 240 600 890 2030 1130 1310 1260 1270 870 1700 1680 1610 2050 1520 1530 590 900 1160 1700 1080 1360 710 710 2020 1170 770 300 520 1780 2030 490 1610 1610 1830 2000 1100 1200 2440 1110 1470 2110 450 1600 1000 2030 1930 1640 480 1680 2000 1140 1960 1230 1370 1360 1050 1340 710 1980 680 750 1880 1500 1890 1470 1770 310 1990 520 2050 440 1660 1630 1720 1200 810 1570 880 930 1560 1620 1480 
330 960 1680 1820 910 1860 890 1780 310 1090 410 1650 1690 1370 1460 1750 1390 870 1550 1570 0 410 2050 1020 1360 1700 990 1500 1140 1530 1180 830 1650 1400 890 1410 1320 1380 770 900 910 1670 670 1460 1810 950 1180 1810 1170 1500 1660 1010 1860 1730 2120 1340 1760 490 880 1430 1880 870 1800 1480 1390 770 980 1790 120 2060 2490 1030 1400 1740 1740 1250 1980 1820 1590 2170 1660 570 1420 770 400 2120 220 1900 1190 730 1520 40 1410 870 1480 1020 900 880 1730 1690 1350 990 1320 1660 440 1400 1660 1300 1740 1320 630 1000 890 210 1770 1540 1660 1610 870 1380 870 1220 1050 730 830 530 1770 1260 1700 570 1700 710 1610 1790 1000 1230 1230 1130 1290 960 900 490 2260 540 1470 940 1930 990 1110 1660 1340 1020 1800 970 1860 1800 1760 2200 2000 960 1800 590 1250 1680 1300 2020 430 1920 1400 1340 1570 1710 1520 1230 1860 340 810 1910 1290 110 2410 1150 150 1000 1030 670 1080 130 1460 1220 1120 1530 1360 1020 800 1500 1120 1690 1610 1640 1750 170 1350 1890 1410 2160 1870 1130 2040 1300 1310 1830 1060 1310 1290 1380 1600 800 1590 1070 1030 430 1880 1870 1090 1550 900 1640 880 1010 880 2260 1260 1670 600 1520 1600 1100 1280 1690 530 380 840 740 1360 2430 1290 1960 1530 400 920 
450 1150 1400 1510 1150 1600 1090 1510 110 1280 20 1700 1870 1020 1680 1810 1540 680 1390 1810 410 0 2060 1310 1020 1870 1270 1300 920 1640 1430 650 1840 1600 880 1150 1460 1670 440 630 1160 1390 800 1430 1800 1150 1330 1690 850 1620 1840 1300 1860 1820 2030 1610 1910 810 880 1720 1610 720 1470 1430 1610 640 760 1440 480 1980 2440 730 1230 1810 1620 1250 2050 1670 1340 2100 1330 850 1570 520 760 2040 520 1750 920 910 1560 370 1470 770 1290 1260 530 1150 1590 1590 1220 1040 980 1450 150 1340 1480 970 1430 1400 660 1080 920 390 1700 1250 1910 1530 1170 1050 800 870 750 980 1120 680 1540 920 1750 620 1780 790 1260 1710 1070 1230 940 910 1450 660 1000 80 2240 830 1150 600 1910 1170 770 1940 1300 670 1900 1110 1860 1780 1920 2210 1870 990 1890 550 1260 1360 1400 1940 340 1880 1650 1600 1670 1750 1210 1180 1800 710 740 1970 1050 340 2350 790 340 800 1330 950 1030 330 1430 1090 1230 1600 1030 970 1050 1670 1310 1480 1310 1770 1590 250 1080 1650 1370 2170 1530 1090 1960 940 1470 1690 1060 980 980 1170 1730 520 1300 1020 680 580 1810 1800 1080 1450 1210 1370 1140 1130 530 2210 950 1550 250 1810 1320 1300 940 1830 260 180 540 720 1410 2390 1320 2010 1370 200 740 
2370 1200 1440 1610 1320 1370 1260 1390 2090 1110 2090 420 860 1790 1050 360 810 1440 950 1130 2050 2060 0 1450 1740 800 1420 1090 1330 660 1240 1460 890 970 1190 1400 850 1430 1790 1570 1340 1430 1380 630 260 1200 980 710 1620 660 850 1470 200 460 480 1330 710 1720 1180 1400 1420 1370 1730 670 1060 1430 1440 1890 1950 490 520 1620 1070 410 740 810 300 800 1280 440 1660 1600 810 1610 1820 490 1840 780 1450 1350 530 2070 640 1300 1100 1270 1880 1430 780 630 960 1050 1730 1140 1910 740 970 1670 1570 750 1430 1060 1170 1850 500 1470 1200 630 1520 1690 1260 1780 1610 1450 1530 1520 1240 1720 380 1490 440 1340 1820 530 1050 830 1500 1350 910 1630 1150 2050 250 1640 1610 1760 210 1140 1770 1380 780 1820 460 1110 200 310 750 140 710 1090 420 1520 800 1640 800 430 1730 320 1200 1240 590 340 1550 890 410 1880 1320 260 1330 2130 480 1850 1920 1370 1500 1550 1040 2140 640 1050 960 560 1660 1100 1430 860 1080 1120 1500 640 860 1980 1430 1250 700 100 1880 970 450 1830 900 780 1000 1710 1600 1200 660 1660 1460 1040 1820 1620 460 460 980 750 1540 1400 1400 1070 1820 370 1580 770 1890 1440 1450 1110 1760 690 1820 1880 1670 1350 690 450 760 200 980 1860 1380 
1330 360 1890 2080 220 1990 340 1940 1250 360 1320 1030 770 1840 500 1080 630 1180 1490 580 1020 1310 1450 0 1810 800 50 1530 1370 790 210 1150 730 510 840 1650 600 360 1380 1330 200 1880 610 1110 1300 350 480 1590 1590 780 750 20 1320 1000 1730 320 890 530 820 410 2030 1110 2130 1180 450 1050 1290 2200 900 1690 1960 1470 1420 1040 1550 920 1250 1650 1730 1750 1990 450 630 1240 620 1740 810 1700 1500 480 970 1060 870 1020 1530 200 1550 160 1550 1420 1280 720 1770 1710 1220 1130 1600 1720 2000 750 790 630 750 920 1430 1790 650 1330 150 1800 960 1730 1490 330 190 660 1850 1720 1060 780 1000 680 2040 1470 670 920 1560 1360 530 1430 600 1360 1700 480 1820 1500 1430 400 1650 640 1080 1600 1040 500 1300 1320 870 1590 1760 760 1070 930 920 1990 680 1630 1030 1480 400 340 860 1130 1830 1040 1470 690 950 1220 1500 1130 1910 1720 990 1250 60 350 980 1150 1120 1210 600 900 1760 960 260 630 380 1720 1860 840 1620 1080 1620 1950 1100 1540 2250 970 1660 1810 540 1650 830 1760 1670 1490 810 1310 1830 960 1610 740 1520 1510 890 1340 130 1840 180 540 1500 1780 1640 1490 1330 500 1830 350 1760 850 1220 1150 1360 850 860 1890 870 1280 1490 1150 1180 
1470 1480 460 510 1590 670 1470 580 1130 1570 1030 1550 2000 50 1930 1660 1650 620 790 2080 1360 1020 1740 1810 0 1960 1760 650 470 1660 1800 660 1990 1800 980 340 1580 2110 590 500 1600 460 1210 1170 1480 1490 1530 1090 210 1630 1970 1820 1550 1740 1470 2020 1960 1520 990 2140 660 700 450 1100 1870 760 510 430 1360 1420 1910 350 670 1690 1030 1130 1880 1030 510 1550 320 1480 1690 620 1530 1470 1330 1090 330 1320 1420 1330 1390 790 640 1660 490 1660 990 1110 800 1150 40 680 920 1050 810 80 440 1410 1040 1240 1070 1200 1240 330 2200 1110 1730 50 850 150 330 1500 1690 1210 680 100 1590 1060 1670 1120 250 1220 1200 1120 260 470 1610 410 1230 940 1800 1490 170 420 1530 1460 250 2300 1040 350 1810 1350 1560 1430 1990 1840 1220 1090 1780 920 1140 350 1460 1420 950 1440 1990 1960 1640 1540 250 980 1340 1530 850 1770 410 1340 1820 250 1220 550 1860 1540 910 1330 1160 740 1360 1520 80 900 1560 1820 1580 700 360 1780 940 1180 310 770 1100 1820 510 970 1430 120 1630 1050 1070 50 150 540 1760 570 370 930 340 1180 1320 1300 1030 990 1770 470 1630 1340 490 1710 180 980 770 2230 390 1590 80 1880 820 970 520 950 1340 1890 1240 1790 760 950 620 
2030 740 1850 2040 790 1860 800 1840 1850 610 1890 520 60 2010 300 480 340 1450 1330 330 1700 1870 800 800 1960 0 800 1440 1490 310 580 1440 90 300 1070 1690 420 660 1760 1600 800 1840 1070 850 790 740 530 1270 1790 340 50 820 770 360 1220 580 90 1250 1050 620 1910 1350 2140 940 350 1360 1500 2260 1580 1210 1310 1710 1360 420 1260 830 520 1350 1670 1210 2030 1140 300 1580 1350 1230 1470 1370 1640 970 590 1730 580 1260 1450 690 1900 860 1280 1110 1200 870 1940 1570 1740 950 1420 1880 1980 550 1210 810 990 1540 1040 1810 400 1040 930 1930 1190 1950 1720 970 950 1200 1710 1910 510 1240 410 1080 2130 1080 830 850 1700 1490 420 1700 880 1890 1050 1180 1900 1810 890 700 1900 580 940 1900 340 760 740 840 70 910 1370 940 380 1350 820 2010 510 1140 1530 980 450 500 340 600 1870 980 1020 1430 1230 540 1570 1800 1280 1980 1620 1440 840 1050 1050 1810 870 1220 660 470 1900 1080 920 190 570 1570 1860 200 1370 1700 1690 1770 900 870 2280 990 1170 2020 400 1340 910 1920 1810 1480 210 1640 1830 1040 1900 1300 1080 1080 940 1120 920 1790 840 740 1840 1170 1780 1230 1790 640 1820 590 1950 120 1690 1680 1680 1190 630 1240 720 600 1360 1670 1410 
1300 310 1840 2030 170 1940 300 1890 1220 320 1290 1000 770 1790 510 1060 600 1130 1440 590 990 1270 1420 50 1760 800 0 1480 1320 760 210 1110 730 500 790 1600 570 400 1330 1280 150 1830 560 1070 1270 300 440 1550 1540 760 750 60 1290 980 1690 350 880 500 770 440 1980 1060 2080 1140 450 1000 1240 2150 870 1660 1930 1420 1370 1020 1500 870 1230 1610 1680 1720 1940 420 610 1190 600 1700 780 1660 1450 430 930 1030 840 970 1480 160 1500 110 1510 1380 1230 670 1720 1660 1180 1090 1550 1670 1950 710 740 590 700 890 1390 1740 670 1290 130 1750 910 1680 1440 290 160 620 1800 1670 1040 730 980 630 1990 1430 620 880 1510 1310 510 1380 550 1320 1670 450 1770 1450 1400 350 1600 670 1040 1560 1020 460 1270 1290 870 1560 1720 720 1050 880 870 1940 650 1590 990 1450 420 350 830 1100 1780 990 1430 670 900 1190 1450 1100 1880 1670 950 1200 100 320 940 1120 1080 1160 560 870 1710 910 210 620 340 1670 1810 830 1580 1040 1570 1900 1060 1520 2200 920 1620 1760 510 1600 780 1710 1620 1440 790 1260 1780 910 1560 700 1480 1470 840 1300 120 1790 130 490 1450 1750 1590 1450 1280 540 1780 310 1710 840 1170 1110 1310 800 820 1870 830 1260 1450 1110 1130 
1730 1170 400 590 1310 460 1190 410 1380 1210 1320 960 1490 700 1480 1070 1170 630 140 1630 1500 1300 1090 1530 650 1440 1480 0 380 1130 1450 670 1480 1360 730 310 1120 1750 890 670 1330 390 1040 590 840 1180 1130 440 590 1100 1460 1550 910 1160 830 1650 1420 1440 740 1760 500 620 690 500 1440 720 540 830 1450 770 1270 640 110 1100 380 650 1260 390 220 910 590 1350 1200 780 1500 830 1370 470 430 1110 850 1490 860 640 10 1340 920 1410 340 460 260 800 650 180 1160 490 180 590 530 920 940 890 800 1290 590 380 1750 470 1500 600 670 720 620 1300 1470 1120 320 650 1000 990 1090 950 730 570 860 640 450 400 1170 680 930 1260 1150 1380 520 790 880 1130 740 1880 500 820 1230 1020 920 780 1450 1190 590 770 1190 910 660 570 990 770 1060 790 1580 1570 1100 930 460 500 690 1520 710 1160 280 1530 1170 810 1340 500 1590 1370 550 1520 570 320 960 970 570 590 1340 1340 1200 200 420 1240 310 1350 340 420 540 1170 830 560 780 750 1180 410 700 630 520 140 1230 790 390 570 810 1150 660 650 640 350 1540 350 1370 990 870 1060 510 330 1060 1850 380 1230 680 1340 1040 1170 770 820 820 1240 750 1160 110 1150 580 
1350 1020 560 730 1140 730 1020 650 1000 1100 940 1090 1520 520 1450 1210 1170 270 480 1600 1140 920 1330 1370 470 1490 1320 380 0 1180 1340 310 1510 1330 520 300 1100 1650 510 290 1160 550 790 730 1070 1030 1060 800 300 1150 1490 1380 1140 1280 1170 1550 1480 1150 540 1670 750 290 760 670 1390 390 160 830 1100 1110 1610 280 320 1240 730 660 1440 770 450 1240 620 1090 1210 390 1200 1170 1040 840 140 890 960 1130 920 350 370 1200 560 1220 700 750 380 680 450 530 770 610 560 390 650 930 650 770 610 940 870 440 1720 720 1300 450 410 460 270 1080 1270 830 630 420 1140 690 1210 700 670 870 730 640 210 10 1130 310 770 870 1450 1110 450 430 1140 1000 440 1830 590 480 1350 890 1140 1020 1520 1460 970 620 1330 580 670 630 980 1100 700 1070 1510 1490 1170 1100 460 510 980 1210 430 1340 160 1160 1510 520 980 140 1420 1130 430 1150 720 290 880 1050 410 430 1130 1340 1110 550 510 1310 680 990 250 740 660 1430 880 490 1110 530 1150 780 590 430 320 250 1290 400 480 450 480 840 970 960 550 600 1340 520 1190 870 510 1380 290 660 670 1760 490 1120 460 1400 660 790 390 540 860 1570 770 1360 460 770 230 
1860 580 1540 1730 690 1560 660 1540 1640 480 1660 270 350 1710 420 290 160 1160 1030 540 1530 1640 660 790 1660 310 760 1130 1180 0 580 1160 350 320 800 1380 210 790 1490 1320 710 1530 860 550 560 590 360 980 1480 30 320 810 560 220 1000 690 300 1120 790 770 1610 1070 1830 640 420 1090 1210 1950 1410 980 1180 1420 1050 250 970 520 470 1070 1360 1010 1710 1000 150 1310 1230 1010 1300 1100 1330 790 290 1550 270 980 1140 620 1620 790 990 820 890 610 1630 1270 1500 640 1110 1580 1670 260 970 560 730 1350 770 1500 640 740 880 1620 920 1650 1420 840 880 1000 1410 1600 290 1010 210 850 1830 810 570 540 1390 1190 260 1410 640 1650 910 1050 1590 1520 680 540 1600 810 630 1610 270 550 540 600 330 790 1110 670 290 1100 510 1700 240 910 1300 750 570 600 70 370 1560 680 770 1300 960 430 1260 1620 1130 1680 1420 1140 840 940 760 1630 560 910 410 170 1590 790 810 240 440 1270 1550 130 1080 1500 1380 1470 590 750 1970 690 940 1720 250 1060 630 1620 1510 1170 100 1370 1520 740 1610 1110 830 820 650 820 890 1480 760 520 1560 1000 1480 940 1530 820 1510 470 1650 210 1440 1460 1400 930 320 1110 410 490 1050 1440 1120 
1500 320 1830 2020 270 1910 350 1860 1390 240 1440 840 550 1840 290 880 430 1190 1390 390 1180 1430 1240 210 1800 580 210 1450 1340 580 0 1170 510 300 820 1610 420 310 1440 1350 270 1820 660 970 1120 310 330 1450 1590 580 540 240 1130 790 1560 210 670 700 800 330 1950 1110 2090 1050 230 1070 1290 2180 1050 1530 1760 1490 1340 840 1420 810 1030 1520 1660 1570 1950 600 430 1280 800 1570 960 1570 1480 530 800 1210 710 1010 1450 160 1600 300 1430 1280 1190 660 1770 1620 1320 1010 1500 1720 1950 590 830 570 730 1060 1270 1750 490 1190 340 1790 950 1740 1500 450 370 750 1770 1720 870 840 800 710 2020 1310 610 810 1540 1340 350 1450 570 1470 1500 630 1790 1530 1250 330 1660 520 970 1640 830 450 1110 1150 650 1380 1610 720 850 980 800 1950 520 1460 1120 1310 230 170 650 940 1790 940 1310 870 960 1010 1460 1280 1710 1740 1130 1240 260 500 920 1300 980 1150 490 710 1750 910 380 410 240 1630 1820 630 1500 1220 1580 1850 980 1340 2220 890 1490 1820 350 1520 760 1750 1660 1430 590 1350 1780 900 1640 840 1360 1350 820 1220 340 1780 290 460 1540 1590 1620 1370 1410 430 1780 220 1770 630 1300 1250 1390 870 700 1690 740 1070 1400 1250 1180 
