30
7739 7779 5
13100 13140 20
2308 2338 20
11151 11201 15
3391 3441 15
8840 8850 20
13564 13614 5
3636 3676 20
14513 14563 10
16554 16594 15
4526 4536 5
915 945 20
7081 7111 10
9091 9111 5
12531 12561 15
9650 9700 15
17153 17173 20
6563 6593 15
2656 2696 20
11715 11745 5
17331 17371 20
5334 5364 10
13986 13996 20
15349 15389 20
1791 1821 15
8318 8328 5
16082 16112 20
5841 5851 5
4471 4501 10
10746 10796 5
0 890 1050 740 1230 1090 1040 610 940 550 940 1180 920 600 1280 1320 890 430 1100 890 1130 300 640 990 1020 1080 1130 1180 500 1210 1190 
890 0 470 480 770 270 940 370 340 700 240 1100 120 640 1110 1010 1140 630 720 790 320 750 380 510 130 950 580 690 870 1140 450 
1050 470 0 310 300 280 560 440 130 600 230 690 350 510 670 550 880 630 270 470 280 780 410 90 500 550 110 220 770 730 200 
740 480 310 0 500 470 480 200 260 290 320 650 400 210 690 650 670 310 380 320 500 460 170 250 580 500 380 430 470 690 500 
1230 770 300 500 0 550 420 680 430 710 530 500 650 640 440 270 820 790 140 430 540 940 650 280 790 400 190 80 850 530 400 
1090 270 280 470 550 0 830 480 220 750 160 970 180 680 950 820 1120 740 550 720 50 880 470 360 250 830 360 480 940 1010 180 
1040 940 560 480 420 830 0 670 620 490 730 160 840 460 230 310 400 630 310 170 840 730 650 470 1020 40 510 440 560 200 750 
610 370 440 200 680 480 670 0 330 330 320 840 340 280 890 850 790 260 570 510 530 400 30 410 490 700 540 610 500 880 580 
940 340 130 260 430 220 620 330 0 550 100 770 220 470 770 670 890 550 380 500 250 700 300 160 390 630 240 350 730 810 250 
550 700 600 290 710 750 490 330 550 0 600 640 650 80 730 770 470 150 570 340 790 240 320 510 820 530 640 660 180 670 790 
940 240 230 320 530 160 730 320 100 600 0 870 120 520 880 770 980 580 490 600 200 720 310 270 290 730 340 450 780 920 260 
1180 1100 690 650 500 970 160 840 770 640 870 0 990 620 120 300 430 780 420 330 970 870 810 610 1170 140 630 540 680 40 870 
920 120 350 400 650 180 840 340 220 650 120 990 0 580 1000 890 1070 600 610 700 230 740 330 390 180 850 460 570 830 1030 340 
600 640 510 210 640 680 460 280 470 80 520 620 580 0 690 720 510 170 500 300 710 300 260 430 760 500 570 590 260 660 710 
1280 1110 670 690 440 950 230 890 770 730 880 120 1000 690 0 190 550 870 390 390 950 970 860 600 1170 190 590 490 790 130 830 
1320 1010 550 650 270 820 310 850 670 770 770 300 890 720 190 0 700 890 290 430 810 1010 820 500 1050 270 450 340 860 320 680 
890 1140 880 670 820 1120 400 790 890 470 980 430 1070 510 550 700 0 610 690 410 1140 620 770 780 1250 430 870 820 390 430 1080 
430 630 630 310 790 740 630 260 550 150 580 780 600 170 870 890 610 0 660 470 780 150 270 560 760 670 700 740 250 820 800 
1100 720 270 380 140 550 310 570 380 570 490 420 610 500 390 290 690 660 0 290 550 800 540 210 770 300 200 130 710 460 440 
890 790 470 320 430 720 170 510 500 340 600 330 700 300 390 430 410 470 290 0 740 580 480 370 880 200 450 420 440 370 670 
1130 320 280 500 540 50 840 530 250 790 200 970 230 710 950 810 1140 780 550 740 0 920 510 370 280 840 350 460 970 1010 150 
300 750 780 460 940 880 730 400 700 240 720 870 740 300 970 1010 620 150 800 580 920 0 410 720 880 770 850 890 230 910 950 
640 380 410 170 650 470 650 30 300 320 310 810 330 260 860 820 770 270 540 480 510 410 0 380 500 670 510 580 490 850 550 
990 510 90 250 280 360 470 410 160 510 270 610 390 430 600 500 780 560 210 370 370 720 380 0 560 470 130 200 690 650 300 
1020 130 500 580 790 250 1020 490 390 820 290 1170 180 760 1170 1050 1250 760 770 880 280 880 500 560 0 1020 600 710 990 1210 430 
1080 950 550 500 400 830 40 700 630 530 730 140 850 500 190 270 430 670 300 200 840 770 670 470 1020 0 500 420 600 180 740 
1130 580 110 380 190 360 510 540 240 640 340 630 460 570 590 450 870 700 200 450 350 850 510 130 600 500 0 110 810 670 240 
1180 690 220 430 80 480 440 610 350 660 450 540 570 590 490 340 820 740 130 420 460 890 580 200 710 420 110 0 820 580 340 
500 870 770 470 850 940 560 500 730 180 780 680 830 260 790 860 390 250 710 440 970 230 490 690 990 600 810 820 0 710 970 
1210 1140 730 690 530 1010 200 880 810 670 920 40 1030 660 130 320 430 820 460 370 1010 910 850 650 1210 180 670 580 710 0 910 
1190 450 200 500 400 180 750 580 250 790 260 870 340 710 830 680 1080 800 440 670 150 950 550 300 430 740 240 340 970 910 0 
