30
27848 27858 15
32592 32602 20
48329 48339 20
51967 52007 10
10027 10047 5
23465 23505 20
36769 36799 5
64209 64229 10
6566 6576 10
7628 7648 20
5392 5422 20
27278 27298 5
39130 39140 5
50656 50696 10
19516 19566 15
3138 3188 20
12424 12474 15
42118 42128 10
44603 44613 5
45959 46009 5
21487 21517 20
65330 65340 20
16444 16464 20
14360 14400 5
57632 57662 15
60982 61002 5
36044 36074 5
70280 70310 20
67467 67487 15
53773 53793 20
0 3950 3610 3020 5770 4420 5060 5010 2040 3260 2830 4020 4360 3900 5320 5920 3140 2440 5460 4780 3460 4850 2180 3420 3080 5000 5270 4500 4960 3180 6560
3950 0 4720 1340 2740 3400 3350 2030 2790 3570 4290 4690 560 320 1680 4310 2460 3920 2670 4060 3630 4730 1860 4210 2130 1090 3520 2160 1940 3260 4340
3610 4720 0 3400 4580 2200 3000 4150 2260 1170 780 530 5290 4930 5010 3360 2270 1200 4170 2030 1170 1560 3360 520 2590 5240 3120 3430 4180 1470 4300
3020 1340 3400 0 2820 2420 2650 2030 1480 2270 2950 3420 1900 1520 2310 3650 1200 2580 2560 3050 2360 3610 860 2900 860 2130 2860 1680 1970 1970 3980
5770 2740 4580 2820 0 2410 1710 790 3870 3550 4600 4240 2960 3050 1290 2220 2820 4450 400 2850 3460 3680 3680 4100 2750 2080 1710 1310 860 3340 1790
4420 3400 2200 2420 2410 0 810 2130 2390 1360 2380 1830 3910 3690 3080 1500 1400 2380 2010 650 1200 1400 2950 1760 1650 3530 970 1460 2170 1290 2260
5060 3350 3000 2650 1710 810 0 1650 3010 2160 3190 2600 3790 3660 2630 990 1920 3170 1340 1130 2010 1960 3340 2580 2070 3210 210 1190 1720 2050 1510
5010 2030 4150 2030 790 2130 1650 0 3160 3040 4060 3890 2340 2350 970 2450 2170 3860 630 2690 2990 3510 2900 3650 2040 1590 1750 720 90 2790 2320
2040 2790 2260 1480 3870 2390 3010 3160 0 1420 1630 2470 3340 2910 3690 3880 1100 1190 3520 2820 1600 3050 1110 1850 1120 3610 3220 2550 3130 1230 4520
3260 3570 1170 2270 3550 1360 2160 3040 1420 0 1050 1150 4130 3790 3860 2810 1100 1020 3150 1550 200 1630 2370 650 1430 4070 2330 2320 3060 300 3620
2830 4290 780 2950 4600 2380 3190 4060 1630 1050 0 1220 4860 4460 4830 3750 1960 450 4200 2420 1180 2170 2740 720 2230 4950 3350 3350 4070 1270 4620
4020 4690 530 3420 4240 1830 2600 3890 2470 1150 1220 0 5250 4920 4790 2870 2230 1570 3840 1550 1060 1020 3500 620 2560 5100 2700 3180 3920 1440 3820
4360 560 5290 1900 2960 3910 3790 2340 3340 4130 4860 5250 0 460 1750 4720 3020 4480 2960 4560 4190 5260 2360 4780 2690 990 3940 2590 2250 3830 4660
3900 320 4930 1520 3050 3690 3660 2350 2910 3790 4460 4920 460 0 1940 4620 2690 4070 2980 4350 3860 5000 1910 4420 2350 1280 3830 2470 2260 3480 4660
5320 1680 5010 2310 1290 3080 2630 970 3690 3860 4830 4790 1750 1940 0 3370 2870 4570 1430 3660 3830 4470 3140 4490 2650 790 2710 1620 910 3580 3080
5920 4310 3360 3650 2220 1500 990 2450 3880 2810 3750 2870 4720 4620 3370 0 2840 3830 1950 1340 2620 1950 4320 3050 3030 4050 800 2140 2530 2780 980
3140 2460 2270 1200 2820 1400 1920 2170 1100 1100 1960 2230 3020 2690 2870 2840 0 1700 2460 1960 1160 2430 1550 1750 330 2990 2140 1500 2160 800 3420
2440 3920 1200 2580 4450 2380 3170 3860 1190 1020 450 1570 4480 4070 4570 3830 1700 0 4060 2540 1200 2430 2310 980 1920 4630 3350 3160 3860 1130 4650
5460 2670 4170 2560 400 2010 1340 630 3520 3150 4200 3840 2960 2980 1430 1950 2460 4060 0 2470 3060 3300 3410 3700 2400 2150 1370 960 720 2940 1700
4780 4060 2030 3050 2850 650 1130 2690 2820 1550 2420 1550 4560 4350 3660 1340 1960 2540 2470 0 1350 820 3510 1720 2240 4150 1180 2080 2750 1610 2270
3460 3630 1170 2360 3460 1200 2010 2990 1600 200 1180 1060 4190 3860 3830 2620 1160 1200 3060 1350 0 1450 2520 660 1500 4080 2170 2260 3010 400 3450
4850 4730 1560 3610 3680 1400 1960 3510 3050 1630 2170 1020 5260 5000 4470 1950 2430 2430 3300 820 1450 0 3920 1460 2750 4920 1990 2860 3560 1830 2930
2180 1860 3360 860 3680 2950 3340 2900 1110 2370 2740 3500 2360 1910 3140 4320 1550 2310 3410 3510 2520 3920 0 2910 1300 2850 3550 2500 2840 2110 4750
3420 4210 520 2900 4100 1760 2580 3650 1850 650 720 620 4780 4420 4490 3050 1750 980 3700 1720 660 1460 2910 0 2080 4720 2720 2920 3670 950 3950
3080 2130 2590 860 2750 1650 2070 2040 1120 1430 2230 2560 2690 2350 2650 3030 330 1920 2400 2240 1500 2750 1300 2080 0 2710 2280 1440 2020 1130 3520
5000 1090 5240 2130 2080 3530 3210 1590 3610 4070 4950 5100 990 1280 790 4050 2990 4630 2150 4150 4080 4920 2850 4720 2710 0 3330 2070 1510 3770 3840
5270 3520 3120 2860 1710 970 210 1750 3220 2330 3350 2700 3940 3830 2710 800 2140 3350 1370 1180 2170 1990 3550 2720 2280 3330 0 1350 1820 2230 1310
4500 2160 3430 1680 1310 1460 1190 720 2550 2320 3350 3180 2590 2470 1620 2140 1500 3160 960 2080 2260 2860 2500 2920 1440 2070 1350 0 740 2080 2310
4960 1940 4180 1970 860 2170 1720 90 3130 3060 4070 3920 2250 2260 910 2530 2160 3860 720 2750 3010 3560 2840 3670 2020 1510 1820 740 0 2800 2410
3180 3260 1470 1970 3340 1290 2050 2790 1230 300 1270 1440 3830 3480 3580 2780 800 1130 2940 1610 400 1830 2110 950 1130 3770 2230 2080 2800 0 3540
6560 4340 4300 3980 1790 2260 1510 2320 4520 3620 4620 3820 4660 4660 3080 980 3420 4650 1700 2270 3450 2930 4750 3950 3520 3840 1310 2310 2410 3540 0
