70
3328 3348 15
18307 18317 20
86395 86445 15
139599 139639 15
14356 14386 5
176370 176400 10
22450 22460 15
27054 27074 10
110630 110640 5
33124 33134 5
67580 67590 5
57165 57215 15
60801 60851 5
140011 140041 5
45146 45156 5
48469 48509 10
170244 170264 20
75810 75820 10
4794 4824 15
78199 78249 5
137160 137190 15
150295 150325 5
178321 178351 15
111811 111821 20
7387 7407 10
142193 142213 15
122052 122092 5
37355 37385 5
72655 72695 10
58180 58230 20
79113 79143 10
80566 80616 5
83154 83184 20
118130 118150 5
129328 129368 15
92696 92706 20
63868 63898 10
59401 59411 5
53818 53848 5
62219 62269 10
31358 31378 10
133376 133396 5
163234 163254 20
124483 124513 10
183726 183756 5
98159 98189 20
179942 179972 20
110057 110087 20
94100 94120 5
145483 145503 10
104442 104492 20
106063 106093 20
116604 116654 10
9443 9493 10
34439 34459 15
71346 71356 15
34143 34153 20
157632 157672 15
51714 51764 15
154265 154305 10
160531 160571 10
75198 75238 20
100251 100271 10
90781 90791 5
173207 173257 20
119684 119694 20
144120 144170 20
40953 40963 10
101614 101644 5
166293 166303 20
0 3330 2330 4340 4970 6270 2650 6390 3240 950 3510 4740 5310 4660 5350 5910 3080 3140 3720 4530 6070 4200 1480 2230 1230 3410 3410 3190 5350 4750 4300 5210 3760 6090 4350 4230 3610 3080 3270 3720 3950 3930 1180 1900 4670 4880 6620 1900 660 3430 6180 5300 4540 5840 1360 2490 4060 2620 1700 4200 5030 3880 3150 4640 4490 5780 5140 4940 1790 3760 4490 
3330 0 1690 3320 1900 3510 1680 3370 3310 2950 860 1450 3890 2990 2210 2730 710 2830 2040 1450 3530 2870 1840 1330 2100 1290 1510 940 2110 4170 3210 2930 2000 3120 1620 3480 900 2530 2150 640 1600 980 2240 1780 1580 1890 3750 1900 2740 490 3090 2150 1250 3030 2150 830 2900 760 1990 2580 3000 1090 1670 2330 1340 3570 3090 1750 1530 2600 1250 
2330 1690 0 2310 2770 3940 320 4120 1770 1590 1360 3070 3180 2410 3170 3740 1990 1360 1400 3140 3730 2030 1320 1720 1460 1120 1080 1020 3250 2990 2240 2870 1440 3810 2080 2330 1460 1120 1040 1720 1640 2640 1750 450 3270 3580 4310 430 1670 2090 3940 3130 2880 3530 980 1200 1940 1030 630 1930 2720 2710 820 2300 3030 3470 2830 2820 1170 1600 2920 
4340 3320 2310 0 2900 2960 2030 3530 1310 3400 2480 4150 980 800 3210 3620 3920 1210 1280 4520 2520 490 3630 3950 3740 2020 1800 2380 3510 890 110 1710 1330 3220 2260 320 2480 1260 1290 2870 1880 4240 4040 2730 4610 4950 3380 2630 3740 3810 3530 3220 4030 2800 3160 3310 420 3050 2820 840 1330 4390 1720 1640 4370 1930 1380 3170 3480 740 4160 
4970 1900 2770 2900 0 1660 2540 1470 3620 4350 1460 1590 2970 2200 390 960 2560 3170 1910 2150 1810 2420 3570 3220 3810 1670 1780 1780 610 3760 2790 1580 1830 1220 750 3190 1360 2900 2410 1310 1260 2240 4020 3120 2170 2470 1860 3170 4320 2190 1220 370 1570 1180 3630 2610 2580 2410 3340 2070 1860 2430 2130 1270 2000 2090 1910 330 3260 2470 1760 
6270 3510 3940 2960 1660 0 3640 750 4110 5510 2880 3150 2460 2170 1520 1400 4200 3770 2650 3750 500 2640 5000 4780 5220 2860 2850 3130 1850 3600 2880 1270 2590 630 1970 3270 2780 3600 3190 2880 2310 3900 5460 4370 3750 4010 420 4370 5600 3840 980 1590 3190 480 4900 4130 2840 3890 4570 2400 1620 4090 3140 1670 3610 1160 1570 1930 4710 2940 3380 
2650 1680 320 2030 2540 3640 0 3850 1640 1870 1200 2990 2880 2090 2940 3500 2090 1200 1080 3120 3420 1720 1620 1940 1770 860 790 870 3050 2760 1950 2560 1120 3530 1820 2080 1280 920 750 1590 1360 2660 2060 770 3240 3560 4010 740 1990 2130 3680 2900 2800 3240 1300 1340 1650 1130 950 1610 2400 2750 500 1990 3000 3140 2510 2620 1450 1310 2860 
6390 3370 4120 3530 1470 750 3850 0 4580 5710 2900 2710 3150 2730 1170 810 4010 4190 2980 3320 1240 3150 5030 4690 5270 3000 3050 3200 1400 4240 3440 1820 2900 320 2040 3850 2800 3970 3520 2790 2490 3570 5490 4510 3290 3520 560 4540 5730 3620 330 1240 2790 730 5040 4090 3340 3880 4730 2860 2200 3760 3380 2030 3190 1880 2170 1640 4730 3370 2970 
3240 3310 1770 1310 3620 4110 1640 4580 0 2290 2650 4490 2270 1980 3990 4500 3740 480 1700 4710 3720 1480 2900 3470 2940 2180 1980 2400 4220 1510 1340 2840 1780 4250 2880 1090 2700 790 1250 3080 2380 4290 3230 2030 4820 5150 4540 1900 2740 3770 4520 3980 4330 3860 2290 2960 1280 2770 2030 1720 2510 4390 1690 2550 4580 3190 2580 3810 2860 1200 4410 
950 2950 1590 3400 4350 5510 1870 5710 2290 0 2910 4410 4380 3770 4740 5310 2910 2200 2890 4320 5270 3300 1340 2180 1170 2710 2670 2570 4800 3800 3370 4380 2940 5400 3680 3290 3000 2160 2400 3200 3230 3740 1340 1240 4460 4710 5890 1180 550 3190 5530 4710 4210 5110 800 2170 3150 2190 1010 3330 4180 3730 2360 3850 4250 4930 4280 4380 1550 2860 4190 
3510 860 1360 2480 1460 2880 1200 2900 2650 2910 0 1840 3020 2120 1840 2410 1550 2170 1190 2080 2810 2010 2130 1930 2370 480 700 340 1890 3350 2370 2110 1150 2610 900 2670 100 1860 1420 420 740 1760 2600 1670 2190 2520 3180 1730 2850 1350 2670 1800 1670 2410 2170 1250 2060 1010 1890 1720 2150 1910 960 1500 1940 2760 2250 1460 1840 1790 1760 
4740 1450 3070 4150 1590 3150 2990 2710 4490 4410 1840 0 4440 3580 1630 1920 1720 4010 2920 600 3380 3660 3250 2580 3510 2310 2520 2120 1320 5040 4040 3130 2860 2590 1920 4390 1790 3700 3250 1410 2260 980 3600 3230 590 880 3230 3340 4180 1320 2390 1560 200 2700 3610 2260 3760 2210 3440 3310 3360 1140 2810 2700 480 3680 3430 1260 2950 3540 300 
5310 3890 3180 980 2970 2460 2880 3150 2270 4380 3020 4440 0 900 3180 3460 4560 2190 1920 4890 1960 1150 4500 4730 4640 2630 2450 3030 3530 1190 1000 1430 1930 2890 2510 1180 2990 2220 2130 3340 2310 4730 4940 3620 4960 5290 2870 3540 4700 4380 3250 3210 4350 2460 4090 4050 1250 3780 3740 1330 1100 4890 2480 1740 4740 1300 1070 3280 4320 1580 4510 
4660 2990 2410 800 2200 2170 2090 2730 1980 3770 2120 3580 900 0 2470 2850 3660 1710 1060 4020 1750 500 3710 3870 3870 1740 1570 2140 2790 1580 710 910 1060 2420 1650 1120 2090 1630 1390 2440 1410 3830 4160 2870 4090 4430 2600 2810 4020 3480 2740 2490 3490 2000 3370 3180 700 2910 3010 480 540 4000 1640 920 3860 1220 610 2500 3500 910 3640 
5350 2210 3170 3210 390 1520 2940 1170 3990 4740 1840 1630 3180 2470 0 560 2830 3550 2290 2230 1770 2740 3930 3540 4180 2070 2180 2170 360 4050 3100 1740 2210 980 1140 3510 1740 3280 2790 1660 1650 2420 4380 3510 2220 2490 1630 3560 4700 2450 880 70 1670 1070 4020 2960 2910 2770 3730 2400 2070 2610 2520 1560 2090 2170 2100 460 3620 2820 1860 
5910 2730 3740 3620 960 1400 3500 810 4500 5310 2410 1920 3460 2850 560 0 3320 4060 2800 2520 1790 3180 4490 4060 4740 2630 2730 2740 640 4430 3520 2030 2720 770 1690 3930 2310 3810 3320 2210 2190 2810 4920 4080 2490 2710 1360 4130 5260 2920 480 610 2000 1080 4590 3500 3360 3320 4300 2850 2400 2990 3080 1990 2390 2320 2400 980 4180 3310 2190 
3080 710 1990 3920 2560 4200 2090 4010 3740 2910 1550 1720 4560 3660 2830 3320 0 3290 2660 1450 4230 3500 1630 870 1860 1930 2130 1540 2680 4750 3820 3640 2640 3780 2330 4060 1600 3000 2690 1350 2290 840 1910 1920 1590 1810 4420 2060 2580 410 3720 2770 1530 3710 2130 810 3500 960 2080 3230 3700 820 2220 3040 1410 4280 3790 2370 1360 3190 1440 
3140 2830 1360 1210 3170 3770 1200 4190 480 2200 2170 4010 2190 1710 3550 4060 3290 0 1260 4230 3420 1210 2590 3090 2660 1700 1490 1920 3760 1680 1190 2520 1340 3870 2420 1100 2220 300 780 2600 1920 3820 2960 1690 4340 4670 4190 1570 2570 3300 4110 3540 3850 3490 2040 2540 1020 2330 1730 1370 2210 3920 1200 2160 4100 2940 2300 3350 2510 840 3930 
3720 2040 1400 1280 1910 2650 1080 2980 1700 2890 1190 2920 1920 1060 2290 2800 2660 1260 0 3250 2380 830 2660 2810 2840 740 530 1120 2510 2160 1170 1490 80 2650 1170 1480 1190 1000 540 1590 680 2960 3120 1860 3340 3680 3050 1820 3060 2530 2870 2280 2780 2300 2380 2120 870 1860 2030 590 1320 3100 590 980 3100 2060 1430 2110 2450 610 2900 
4530 1450 3140 4520 2150 3750 3120 3320 4710 4320 2080 600 4890 4020 2230 2520 1450 4230 3250 0 3950 4030 3070 2310 3310 2570 2790 2300 1920 5410 4400 3650 3190 3190 2380 4730 2060 3920 3500 1660 2640 600 3360 3210 140 440 3840 3340 4020 1130 2990 2160 570 3290 3520 2150 4110 2170 3400 3700 3850 680 3030 3170 150 4220 3920 1830 2790 3860 390 
6070 3530 3730 2520 1810 500 3420 1240 3720 5270 2810 3380 1960 1750 1770 1790 4230 3420 2380 3950 0 2240 4870 4740 5080 2700 2660 3020 2130 3120 2450 900 2320 1050 1920 2830 2720 3270 2890 2890 2160 4040 5340 4180 3970 4250 900 4170 5410 3910 1430 1830 3380 720 4710 4060 2440 3810 4370 2040 1210 4230 2920 1430 3800 660 1140 2110 4600 2580 3570 
4200 2870 2030 490 2420 2640 1720 3150 1480 3300 2010 3660 1150 500 2740 3180 3500 1210 830 4030 2240 0 3350 3590 3490 1570 1360 1950 3030 1380 370 1370 860 2830 1770 760 2010 1140 980 2390 1400 3780 3780 2470 4120 4460 3060 2400 3580 3360 3130 2750 3540 2420 2950 2920 200 2660 2600 350 1020 3920 1330 1190 3880 1730 1100 2690 3170 440 3670 
1480 1840 1320 3630 3570 5000 1620 5030 2900 1340 2130 3250 4500 3710 3930 4490 1630 2590 2660 3070 4870 3350 0 840 250 2160 2240 1860 3900 4270 3560 4070 2690 4740 3030 3630 2230 2400 2370 2280 2710 2470 470 900 3210 3440 5310 1020 950 1950 4790 3880 3050 4540 670 1010 3260 1160 870 3230 3970 2450 2070 3460 3020 4690 4080 3510 310 2920 3000 
2230 1330 1720 3950 3220 4780 1940 4690 3470 2180 1930 2580 4730 3870 3540 4060 870 3090 2810 2310 4740 3590 840 0 1040 2150 2300 1770 3440 4700 3860 4030 2810 4440 2830 4020 2020 2840 2660 1910 2640 1710 1050 1450 2450 2640 5050 1600 1770 1260 4420 3480 2390 4310 1460 690 3550 960 1540 3400 4020 1650 2250 3420 2280 4680 4120 3080 670 3210 2310 
1230 2100 1460 3740 3810 5220 1770 5270 2940 1170 2370 3510 4640 3870 4180 4740 1860 2660 2840 3310 5080 3490 250 1040 0 2370 2430 2080 4160 4350 3680 4270 2870 4980 3260 3730 2470 2500 2510 2530 2920 2710 300 1010 3450 3670 5550 1110 720 2200 5040 4130 3300 4770 650 1270 3390 1410 930 3390 4150 2680 2240 3670 3260 4880 4260 3760 560 3060 3250 
3410 1290 1120 2020 1670 2860 860 3000 2180 2710 480 2310 2630 1740 2070 2630 1930 1700 740 2570 2700 1570 2160 2150 2370 0 220 390 2190 2880 1910 1910 710 2690 960 2190 510 1390 940 900 550 2230 2630 1510 2670 3010 3210 1540 2750 1790 2820 2040 2150 2430 2050 1450 1600 1180 1720 1300 1870 2370 500 1300 2430 2550 1970 1760 1900 1310 2240 
3410 1510 1080 1800 1780 2850 790 3050 1980 2670 700 2520 2450 1570 2180 2730 2130 1490 530 2790 2660 1360 2240 2300 2430 220 0 580 2330 2660 1700 1830 510 2730 1040 1970 730 1190 720 1130 560 2460 2700 1510 2900 3230 3220 1520 2750 2010 2890 2150 2370 2440 2050 1610 1380 1340 1710 1110 1740 2590 340 1230 2650 2450 1850 1910 1990 1090 2470 
3190 940 1020 2380 1780 3130 870 3200 2400 2570 340 2120 3030 2140 2170 2740 1540 1920 1120 2300 3020 1950 1860 1770 2080 390 580 0 2230 3230 2280 2270 1090 2900 1170 2540 430 1610 1210 710 870 1910 2320 1330 2420 2750 3460 1390 2530 1440 2990 2130 1940 2680 1850 1070 1960 800 1560 1690 2250 2030 730 1650 2170 2910 2350 1800 1570 1660 2010 
5350 2110 3250 3510 610 1850 3050 1400 4220 4800 1890 1320 3530 2790 360 640 2680 3760 2510 1920 2130 3030 3900 3440 4160 2190 2330 2230 0 4360 3400 2100 2430 1270 1330 3800 1800 3480 2990 1630 1840 2170 4330 3560 1910 2160 1910 3630 4720 2280 1080 310 1380 1420 4050 2900 3190 2740 3790 2680 2420 2360 2670 1870 1790 2540 2450 430 3590 3070 1570 
4750 4170 2990 890 3760 3600 2760 4240 1510 3800 3350 5040 1190 1580 4050 4430 4750 1680 2160 5410 3120 1380 4270 4700 4350 2880 2660 3230 4360 0 1000 2430 2210 3950 3150 690 3360 1870 2060 3750 2780 5120 4650 3370 5500 5840 4020 3250 4220 4670 4290 4070 4920 3520 3720 4090 1290 3840 3420 1730 2050 5260 2530 2490 5260 2470 2070 4050 4160 1570 5050 
4300 3210 2240 110 2790 2880 1950 3440 1340 3370 2370 4040 1000 710 3100 3520 3820 1190 1170 4400 2450 370 3560 3860 3680 1910 1700 2280 3400 1000 0 1620 1220 3130 2150 410 2370 1220 1200 2760 1770 4130 3980 2660 4490 4830 3310 2570 3700 3710 3440 3110 3910 2710 3100 3210 310 2960 2760 720 1250 4280 1620 1540 4250 1870 1310 3060 3400 650 4050 
5210 2930 2870 1710 1580 1270 2560 1820 2840 4380 2110 3130 1430 910 1740 2030 3640 2520 1490 3650 900 1370 4070 4030 4270 1910 1830 2270 2100 2430 1620 0 1440 1520 1330 2030 2040 2360 1990 2300 1390 3600 4540 3320 3690 4010 1690 3300 4550 3360 1860 1780 3080 1090 3860 3340 1570 3080 3510 1140 380 3780 2050 610 3490 640 370 1910 3810 1680 3260 
3760 2000 1440 1330 1830 2590 1120 2900 1780 2940 1150 2860 1930 1060 2210 2720 2640 1340 80 3190 2320 860 2690 2810 2870 710 510 1090 2430 2210 1220 1440 0 2580 1090 1540 1140 1080 610 1530 610 2910 3150 1890 3280 3620 2980 1860 3100 2490 2790 2200 2720 2230 2420 2120 920 1850 2070 600 1280 3060 620 910 3040 2020 1390 2030 2460 680 2840 
6090 3120 3810 3220 1220 630 3530 320 4250 5400 2610 2590 2890 2420 980 770 3780 3870 2650 3190 1050 2830 4740 4440 4980 2690 2730 2900 1270 3950 3130 1520 2580 0 1730 3540 2510 3650 3190 2520 2170 3400 5200 4200 3180 3420 650 4230 5430 3400 370 1050 2640 420 4740 3820 3020 3600 4420 2540 1900 3590 3060 1700 3050 1640 1880 1430 4440 3050 2830 
4350 1620 2080 2260 750 1970 1820 2040 2880 3680 900 1920 2510 1650 1140 1690 2330 2420 1170 2380 1920 1770 3030 2830 3260 960 1040 1170 1330 3150 2150 1330 1090 1730 0 2530 810 2150 1660 980 510 2270 3490 2470 2440 2770 2280 2500 3690 2040 1850 1120 1830 1510 3000 2160 1900 1910 2680 1420 1480 2450 1390 790 2220 1960 1550 940 2740 1750 1990 
4230 3480 2330 320 3190 3270 2080 3850 1090 3290 2670 4390 1180 1120 3510 3930 4060 1100 1480 4730 2830 760 3630 4020 3730 2190 1970 2540 3800 690 410 2030 1540 3540 2530 0 2680 1230 1370 3070 2120 4430 4030 2720 4830 5170 3700 2620 3670 3980 3850 3520 4260 3120 3120 3400 630 3150 2800 1110 1650 4570 1830 1950 4590 2230 1700 3450 3510 880 4380 
3610 900 1460 2480 1360 2780 1280 2800 2700 3000 100 1790 2990 2090 1740 2310 1600 2220 1190 2060 2720 2010 2230 2020 2470 510 730 430 1800 3360 2370 2040 1140 2510 810 2680 0 1910 1450 390 690 1760 2690 1770 2160 2500 3080 1830 2950 1380 2570 1700 1630 2320 2270 1340 2060 1100 1990 1700 2090 1920 1010 1440 1910 2690 2190 1370 1930 1800 1730 
3080 2530 1120 1260 2900 3600 920 3970 790 2160 1860 3700 2220 1630 3280 3810 3000 300 1000 3920 3270 1140 2400 2840 2500 1390 1190 1610 3480 1870 1220 2360 1080 3650 2150 1230 1910 0 490 2290 1640 3520 2800 1490 4040 4370 4010 1390 2480 3000 3880 3270 3540 3280 1890 2270 980 2050 1570 1230 2090 3620 890 1950 3790 2830 2180 3070 2290 710 3620 
3270 2150 1040 1290 2410 3190 750 3520 1250 2400 1420 3250 2130 1390 2790 3320 2690 780 540 3500 2890 980 2370 2660 2510 940 720 1210 2990 2060 1200 1990 610 3190 1660 1370 1450 490 0 1840 1150 3130 2800 1490 3610 3940 3590 1420 2630 2640 3410 2780 3090 2840 1980 2030 900 1780 1620 920 1770 3250 480 1520 3360 2520 1870 2580 2200 560 3180 
3720 640 1720 2870 1310 2880 1590 2790 3080 3200 420 1410 3340 2440 1660 2210 1350 2600 1590 1660 2890 2390 2280 1910 2530 900 1130 710 1630 3750 2760 2300 1530 2520 980 3070 390 2290 1840 0 1030 1390 2710 1960 1760 2100 3140 2040 3080 1060 2530 1600 1240 2400 2430 1300 2460 1110 2180 2080 2390 1550 1390 1710 1520 2940 2480 1230 1960 2190 1330 
3950 1600 1640 1880 1260 2310 1360 2490 2380 3230 740 2260 2310 1410 1650 2190 2290 1920 680 2640 2160 1400 2710 2640 2920 550 560 870 1840 2780 1770 1390 610 2170 510 2120 690 1640 1150 1030 0 2420 3180 2050 2720 3060 2660 2070 3290 2070 2330 1630 2140 1890 2590 1940 1490 1680 2260 1060 1410 2580 890 780 2480 2040 1510 1430 2440 1290 2270 
3930 980 2640 4240 2240 3900 2660 3570 4290 3740 1760 980 4730 3830 2420 2810 840 3820 2960 600 4040 3780 2470 1710 2710 2230 2460 1910 2170 5120 4130 3600 2910 3400 2270 4430 1760 3520 3130 1390 2420 0 2760 2660 740 970 4050 2800 3420 560 3260 2350 820 3420 2940 1580 3830 1640 2850 3470 3750 190 2650 3060 580 4210 3830 1970 2200 3550 670 
1180 2240 1750 4040 4020 5460 2060 5490 3230 1340 2600 3600 4940 4160 4380 4920 1910 2960 3120 3360 5340 3780 470 1050 300 2630 2700 2320 4330 4650 3980 4540 3150 5200 3490 4030 2690 2800 2800 2710 3180 2760 0 1310 3500 3700 5780 1410 820 2280 5240 4320 3400 5010 930 1420 3690 1610 1230 3680 4430 2700 2530 3930 3330 5160 4540 3940 750 3350 3340 
1900 1780 450 2730 3120 4370 770 4510 2030 1240 1670 3230 3620 2870 3510 4080 1920 1690 1860 3210 4180 2470 900 1450 1010 1510 1510 1330 3560 3370 2660 3320 1890 4200 2470 2720 1770 1490 1490 1960 2050 2660 1310 0 3350 3630 4720 140 1230 2100 4310 3470 3030 3940 530 1100 2370 1030 220 2390 3180 2700 1270 2750 3120 3920 3290 3140 820 2040 3030 
4670 1580 3270 4610 2170 3750 3240 3290 4820 4460 2190 590 4960 4090 2220 2490 1590 4340 3340 140 3970 4120 3210 2450 3450 2670 2900 2420 1910 5500 4490 3690 3280 3180 2440 4830 2160 4040 3610 1760 2720 740 3500 3350 0 330 3820 3470 4160 1270 2960 2150 610 3290 3660 2290 4200 2310 3540 3790 3910 810 3140 3230 240 4260 3980 1850 2930 3960 450 
4880 1890 3580 4950 2470 4010 3560 3520 5150 4710 2520 880 5290 4430 2490 2710 1810 4670 3680 440 4250 4460 3440 2640 3670 3010 3230 2750 2160 5840 4830 4010 3620 3420 2770 5170 2500 4370 3940 2100 3060 970 3700 3630 330 0 4060 3760 4390 1530 3190 2430 940 3560 3920 2550 4540 2600 3820 4120 4230 990 3470 3560 580 4560 4300 2150 3170 4300 780 
6620 3750 4310 3380 1860 420 4010 560 4540 5890 3180 3230 2870 2600 1630 1360 4420 4190 3050 3840 900 3060 5310 5050 5550 3210 3220 3460 1910 4020 3310 1690 2980 650 2280 3700 3080 4010 3590 3140 2660 4050 5780 4720 3820 4060 0 4730 5960 4050 880 1700 3290 770 5260 4410 3270 4180 4930 2820 2050 4240 3520 2070 3700 1560 2000 2080 5020 3350 3480 
1900 1900 430 2630 3170 4370 740 4540 1900 1180 1730 3340 3540 2810 3560 4130 2060 1570 1820 3340 4170 2400 1020 1600 1110 1540 1520 1390 3630 3250 2570 3300 1860 4230 2500 2620 1830 1390 1420 2040 2070 2800 1410 140 3470 3760 4730 0 1240 2230 4350 3530 3140 3960 550 1240 2290 1160 200 2340 3140 2840 1250 2740 3240 3890 3250 3200 960 1960 3150 
660 2740 1670 3740 4320 5600 1990 5730 2740 550 2850 4180 4700 4020 4700 5260 2580 2570 3060 4020 5410 3580 950 1770 720 2750 2750 2530 4720 4220 3700 4550 3100 5430 3690 3670 2950 2480 2630 3080 3290 3420 820 1230 4160 4390 5960 1240 0 2900 5530 4650 3970 5180 700 1910 3450 2000 1040 3560 4380 3400 2490 3980 3960 5130 4480 4300 1230 3140 3930 
3430 490 2090 3810 2190 3840 2130 3620 3770 3190 1350 1320 4380 3480 2450 2920 410 3300 2530 1130 3910 3360 1950 1260 2200 1790 2010 1440 2280 4670 3710 3360 2490 3400 2040 3980 1380 3000 2640 1060 2070 560 2280 2100 1270 1530 4050 2230 2900 0 3320 2380 1130 3360 2390 1020 3390 1070 2290 3080 3460 620 2160 2780 1060 4000 3550 1980 1660 3100 1050 
6180 3090 3940 3530 1220 980 3680 330 4520 5530 2670 2390 3250 2740 880 480 3720 4110 2870 2990 1430 3130 4790 4420 5040 2820 2890 2990 1080 4290 3440 1860 2790 370 1850 3850 2570 3880 3410 2530 2330 3260 5240 4310 2960 3190 880 4350 5530 3320 0 940 2460 780 4840 3830 3320 3630 4530 2820 2240 3440 3230 1960 2860 2020 2220 1340 4490 3310 2650 
5300 2150 3130 3220 370 1590 2900 1240 3980 4710 1800 1560 3210 2490 70 610 2770 3540 2280 2160 1830 2750 3880 3480 4130 2040 2150 2130 310 4070 3110 1780 2200 1050 1120 3520 1700 3270 2780 1600 1630 2350 4320 3470 2150 2430 1700 3530 4650 2380 940 0 1600 1130 3980 2900 2910 2710 3690 2410 2110 2540 2500 1580 2020 2220 2140 390 3570 2820 1790 
4540 1250 2880 4030 1570 3190 2800 2790 4330 4210 1670 200 4350 3490 1670 2000 1530 3850 2780 570 3380 3540 3050 2390 3300 2150 2370 1940 1380 4920 3910 3080 2720 2640 1830 4260 1630 3540 3090 1240 2140 820 3400 3030 610 940 3290 3140 3970 1130 2460 1600 0 2720 3410 2060 3630 2010 3240 3200 3290 1000 2640 2620 420 3650 3360 1260 2750 3400 190 
5840 3030 3530 2800 1180 480 3240 730 3860 5110 2410 2700 2460 2000 1070 1080 3710 3490 2300 3290 720 2420 4540 4310 4770 2430 2440 2680 1420 3520 2710 1090 2230 420 1510 3120 2320 3280 2840 2400 1890 3420 5010 3940 3290 3560 770 3960 5180 3360 780 1130 2720 0 4480 3650 2620 3420 4150 2140 1470 3610 2750 1330 3140 1250 1450 1460 4250 2660 2910 
1360 2150 980 3160 3630 4900 1300 5040 2290 800 2170 3610 4090 3370 4020 4590 2130 2040 2380 3520 4710 2950 670 1460 650 2050 2050 1850 4050 3720 3100 3860 2420 4740 3000 3120 2270 1890 1980 2430 2590 2940 930 530 3660 3920 5260 550 700 2390 4840 3980 3410 4480 0 1370 2830 1390 350 2890 3700 2950 1800 3280 3450 4450 3810 3630 800 2510 3390 
2490 830 1200 3310 2610 4130 1340 4090 2960 2170 1250 2260 4050 3180 2960 3500 810 2540 2120 2150 4060 2920 1010 690 1270 1450 1610 1070 2900 4090 3210 3340 2120 3820 2160 3400 1340 2270 2030 1300 1940 1580 1420 1100 2290 2550 4410 1240 1910 1020 3830 2900 2060 3650 1370 0 2900 270 1270 2710 3320 1600 1590 2720 2080 3980 3420 2520 700 2560 2030 
4060 2900 1940 420 2580 2840 1650 3340 1280 3150 2060 3760 1250 700 2910 3360 3500 1020 870 4110 2440 200 3260 3550 3390 1600 1380 1960 3190 1290 310 1570 920 3020 1900 630 2060 980 900 2460 1490 3830 3690 2370 4200 4540 3270 2290 3450 3390 3320 2910 3630 2620 2830 2900 0 2640 2490 500 1230 3970 1300 1360 3960 1930 1310 2830 3100 340 3760 
2620 760 1030 3050 2410 3890 1130 3880 2770 2190 1010 2210 3780 2910 2770 3320 960 2330 1860 2170 3810 2660 1160 960 1410 1180 1340 800 2740 3840 2960 3080 1850 3600 1910 3150 1100 2050 1780 1110 1680 1640 1610 1030 2310 2600 4180 1160 2000 1070 3630 2710 2010 3420 1390 270 2640 0 1230 2450 3050 1690 1330 2460 2080 3720 3160 2340 850 2310 2010 
1700 1990 630 2820 3340 4570 950 4730 2030 1010 1890 3440 3740 3010 3730 4300 2080 1730 2030 3400 4370 2600 870 1540 930 1720 1710 1560 3790 3420 2760 3510 2070 4420 2680 2800 1990 1570 1620 2180 2260 2850 1230 220 3540 3820 4930 200 1040 2290 4530 3690 3240 4150 350 1270 2490 1230 0 2540 3350 2880 1450 2940 3320 4090 3450 3360 870 2160 3240 
4200 2580 1930 840 2070 2400 1610 2860 1720 3330 1720 3310 1330 480 2400 2850 3230 1370 590 3700 2040 350 3230 3400 3390 1300 1110 1690 2680 1730 720 1140 600 2540 1420 1110 1700 1230 920 2080 1060 3470 3680 2390 3790 4120 2820 2340 3560 3080 2820 2410 3200 2140 2890 2710 500 2450 2540 0 860 3620 1160 860 3550 1610 960 2330 3020 530 3340 
5030 3000 2720 1330 1860 1620 2400 2200 2510 4180 2150 3360 1100 540 2070 2400 3700 2210 1320 3850 1210 1020 3970 4020 4150 1870 1740 2250 2420 2050 1250 380 1280 1900 1480 1650 2090 2090 1770 2390 1410 3750 4430 3180 3910 4230 2050 3140 4380 3460 2240 2110 3290 1470 3700 3320 1230 3050 3350 860 0 3920 1910 680 3690 750 100 2180 3740 1380 3460 
3880 1090 2710 4390 2430 4090 2750 3760 4390 3730 1910 1140 4890 4000 2610 2990 820 3920 3100 680 4230 3920 2450 1650 2680 2370 2590 2030 2360 5260 4280 3780 3060 3590 2450 4570 1920 3620 3250 1550 2580 190 2700 2700 810 990 4240 2840 3400 620 3440 2540 1000 3610 2950 1600 3970 1690 2880 3620 3920 0 2770 3230 700 4390 4010 2160 2180 3680 840 
3150 1670 820 1720 2130 3140 500 3380 1690 2360 960 2810 2480 1640 2520 3080 2220 1200 590 3030 2920 1330 2070 2250 2240 500 340 730 2670 2530 1620 2050 620 3060 1390 1830 1010 890 480 1390 890 2650 2530 1270 3140 3470 3520 1250 2490 2160 3230 2500 2640 2750 1800 1590 1300 1330 1450 1160 1910 2770 0 1490 2890 2650 2020 2250 1850 970 2730 
4640 2330 2300 1640 1270 1670 1990 2030 2550 3850 1500 2700 1740 920 1560 1990 3040 2160 980 3170 1430 1190 3460 3420 3670 1300 1230 1650 1870 2490 1540 610 910 1700 790 1950 1440 1950 1520 1710 780 3060 3930 2750 3230 3560 2070 2740 3980 2780 1960 1580 2620 1330 3280 2720 1360 2460 2940 860 680 3230 1490 0 3010 1260 770 1570 3200 1350 2780 
4490 1340 3030 4370 2000 3610 3000 3190 4580 4250 1940 480 4740 3860 2090 2390 1410 4100 3100 150 3800 3880 3020 2280 3260 2430 2650 2170 1790 5260 4250 3490 3040 3050 2220 4590 1910 3790 3360 1520 2480 580 3330 3120 240 580 3700 3240 3960 1060 2860 2020 420 3140 3450 2080 3960 2080 3320 3550 3690 700 2890 3010 0 4070 3770 1690 2730 3710 230 
5780 3570 3470 1930 2090 1160 3140 1880 3190 4930 2760 3680 1300 1220 2170 2320 4280 2940 2060 4220 660 1730 4690 4680 4880 2550 2450 2910 2540 2470 1870 640 2020 1640 1960 2230 2690 2830 2520 2940 2040 4210 5160 3920 4260 4560 1560 3890 5130 4000 2020 2220 3650 1250 4450 3980 1930 3720 4090 1610 750 4390 2650 1260 4070 0 650 2420 4440 2120 3830 
5140 3090 2830 1380 1910 1570 2510 2170 2580 4280 2250 3430 1070 610 2100 2400 3790 2300 1430 3920 1140 1100 4080 4120 4260 1970 1850 2350 2450 2070 1310 370 1390 1880 1550 1700 2190 2180 1870 2480 1510 3830 4540 3290 3980 4300 2000 3250 4480 3550 2220 2140 3360 1450 3810 3420 1310 3160 3450 960 100 4010 2020 770 3770 650 0 2230 3840 1470 3530 
4940 1750 2820 3170 330 1930 2620 1640 3810 4380 1460 1260 3280 2500 460 980 2370 3350 2110 1830 2110 2690 3510 3080 3760 1760 1910 1800 430 4050 3060 1910 2030 1430 940 3450 1370 3070 2580 1230 1430 1970 3940 3140 1850 2150 2080 3200 4300 1980 1340 390 1260 1460 3630 2520 2830 2340 3360 2330 2180 2160 2250 1570 1690 2420 2230 0 3190 2690 1450 
1790 1530 1170 3480 3260 4710 1450 4730 2860 1550 1840 2950 4320 3500 3620 4180 1360 2510 2450 2790 4600 3170 310 670 560 1900 1990 1570 3590 4160 3400 3810 2460 4440 2740 3510 1930 2290 2200 1960 2440 2200 750 820 2930 3170 5020 960 1230 1660 4490 3570 2750 4250 800 700 3100 850 870 3020 3740 2180 1850 3200 2730 4440 3840 3190 0 2760 2710 
3760 2600 1600 740 2470 2940 1310 3370 1200 2860 1790 3540 1580 910 2820 3310 3190 840 610 3860 2580 440 2920 3210 3060 1310 1090 1660 3070 1570 650 1680 680 3050 1750 880 1800 710 560 2190 1290 3550 3350 2040 3960 4300 3350 1960 3140 3100 3310 2820 3400 2660 2510 2560 340 2310 2160 530 1380 3680 970 1350 3710 2120 1470 2690 2760 0 3520 
4490 1250 2920 4160 1760 3380 2860 2970 4410 4190 1760 300 4510 3640 1860 2190 1440 3930 2900 390 3570 3670 3000 2310 3250 2240 2470 2010 1570 5050 4050 3260 2840 2830 1990 4380 1730 3620 3180 1330 2270 670 3340 3030 450 780 3480 3150 3930 1050 2650 1790 190 2910 3390 2030 3760 2010 3240 3340 3460 840 2730 2780 230 3830 3530 1450 2710 3520 0 
